0 0.544401 0.248380 0.064323 0.093981
0 0.662500 0.144676 0.072917 0.066204
0 0.698958 0.025694 0.031250 0.027315
0 0.764193 0.025000 0.106510 0.049074
0 0.201042 0.404398 0.035417 0.023611
0 0.619531 0.463657 0.061979 0.056944
0 0.586198 0.491898 0.119271 0.104167
0 0.562891 0.627778 0.020052 0.019444
0 0.194661 0.726620 0.013281 0.016204
0 0.197266 0.763657 0.026823 0.031944
0 0.185547 0.793750 0.033594 0.037500
0 0.223438 0.886806 0.081771 0.087500
0 0.085677 0.953704 0.169271 0.086111
0 0.042318 0.743056 0.084115 0.170370
0 0.083464 0.624537 0.026302 0.021296
0 0.485677 0.843519 0.036979 0.032407
0 0.609635 0.808102 0.778646 0.383796
