0 0.401953 0.712500 0.089844 0.093519
0 0.445052 0.471065 0.025000 0.034722
0 0.538281 0.513194 0.088021 0.066204
0 0.505339 0.451852 0.023177 0.019444
0 0.506250 0.437500 0.018750 0.018519
0 0.685937 0.448611 0.101042 0.091667
0 0.843880 0.776852 0.019531 0.033333
0 0.988932 0.599306 0.021094 0.022685
0 0.396094 0.203241 0.052604 0.051852
0 0.328385 0.211111 0.043750 0.041667
0 0.332552 0.099769 0.080729 0.071759
0 0.546094 0.221296 0.043750 0.062037
0 0.616667 0.069213 0.082812 0.056019
0 0.457813 0.048148 0.134375 0.075926
0 0.539193 0.014583 0.061198 0.028241
0 0.626693 0.269676 0.034635 0.055093
0 0.870182 0.172917 0.058073 0.071759
0 0.763281 0.190972 0.031250 0.048611
0 0.753255 0.057870 0.102865 0.083333
0 0.879948 0.039815 0.050000 0.060185
0 0.988542 0.061806 0.022917 0.029167
0 0.192839 0.144676 0.018490 0.021759
