0 0.510286 0.296991 0.065365 0.082870
0 0.593359 0.308102 0.102344 0.118056
0 0.471745 0.112037 0.151823 0.101852
0 0.525000 0.007870 0.022396 0.014815
0 0.643359 0.018287 0.012240 0.015278
0 0.688151 0.137269 0.030990 0.042130
0 0.445573 0.395602 0.020833 0.051389
0 0.396484 0.261111 0.015885 0.020370
0 0.457031 0.465046 0.018229 0.017130
0 0.509766 0.457870 0.012240 0.017593
0 0.330599 0.576389 0.048698 0.065741
0 0.619401 0.622222 0.015885 0.025926
0 0.504948 0.716435 0.041667 0.034722
0 0.393490 0.857176 0.094271 0.080093
0 0.308464 0.843287 0.031510 0.028241
0 0.461328 0.963889 0.133594 0.072222
0 0.743490 0.219213 0.035937 0.036574
0 0.732031 0.274537 0.035937 0.045370
0 0.730859 0.324769 0.045573 0.036574
0 0.751432 0.356481 0.030990 0.029630
0 0.674609 0.280093 0.020052 0.033333
0 0.801302 0.306713 0.040625 0.036574
0 0.834245 0.419213 0.084115 0.081019
0 0.861068 0.514352 0.047656 0.059259
0 0.889193 0.518750 0.014323 0.028241
0 0.840234 0.591204 0.042448 0.048148
0 0.804036 0.681250 0.008073 0.018981
0 0.759766 0.747454 0.020573 0.021759
0 0.844922 0.792130 0.021094 0.022222
0 0.854818 0.881250 0.061198 0.074537
0 0.852604 0.945370 0.025521 0.022222
0 0.856510 0.682870 0.089063 0.052778
0 0.916927 0.706481 0.137500 0.099074
0 0.966927 0.723380 0.023438 0.024537
0 0.984896 0.512269 0.030208 0.073611
0 0.950781 0.546065 0.047396 0.068056
0 0.927865 0.414352 0.082812 0.095370
0 0.967187 0.455787 0.010937 0.019907
0 0.987500 0.371528 0.015104 0.023611
0 0.942057 0.245139 0.091406 0.096759
0 0.967839 0.306944 0.044010 0.048148
0 0.939063 0.306019 0.027083 0.032407
0 0.996875 0.012037 0.006250 0.023148
0 0.992057 0.063194 0.015885 0.075463
0 0.776823 0.009028 0.056771 0.017130
0 0.271354 0.498611 0.013542 0.025000
0 0.144141 0.870139 0.009115 0.013426
0 0.212891 0.927778 0.063802 0.048148
0 0.247917 0.985880 0.037500 0.028241
0 0.138932 0.981944 0.032031 0.025926
0 0.052083 0.954630 0.084896 0.077778
0 0.105729 0.939815 0.005729 0.009259
0 0.014974 0.978009 0.029427 0.043981
0 0.207943 0.729398 0.107031 0.081019
0 0.085807 0.679167 0.171094 0.112963
0 0.009115 0.707407 0.017708 0.025926
0 0.028776 0.339815 0.056510 0.169444
