0 0.269922 0.827546 0.037760 0.043981
0 0.177474 0.904398 0.035156 0.041204
0 0.070964 0.868287 0.141406 0.263426
0 0.339844 0.621759 0.276042 0.198148
0 0.281901 0.465046 0.169010 0.080093
0 0.598958 0.543519 0.216667 0.211111
0 0.513802 0.785185 0.140104 0.118519
0 0.570703 0.909259 0.345052 0.181481
0 0.369401 0.866667 0.009635 0.019444
0 0.899740 0.947222 0.200521 0.105556
0 0.993490 0.909259 0.013021 0.037037
0 0.950391 0.751620 0.099219 0.180093
0 0.956641 0.561343 0.086719 0.210648
0 0.882812 0.414352 0.234375 0.262963
0 0.802474 0.634491 0.068490 0.082870
0 0.080469 0.120139 0.160417 0.239352
