0 0.226172 0.674537 0.140885 0.119444
0 0.312891 0.601620 0.023177 0.024537
0 0.378646 0.390972 0.077604 0.075463
0 0.114974 0.386806 0.132031 0.144907
0 0.082552 0.112500 0.050000 0.060185
0 0.354687 0.213657 0.104167 0.089352
0 0.538411 0.717593 0.027344 0.029630
0 0.542057 0.787269 0.032031 0.029167
0 0.189062 0.947685 0.020313 0.028704
0 0.772005 0.887037 0.455990 0.225926
0 0.991667 0.821065 0.016667 0.032870
0 0.967057 0.731250 0.065885 0.078241
0 0.721745 0.635880 0.082031 0.069907
0 0.963281 0.415278 0.073438 0.047222
0 0.708203 0.189120 0.094531 0.128241
0 0.586328 0.074769 0.102344 0.105093
