0 0.107031 0.818519 0.046875 0.053704
0 0.317318 0.954398 0.032552 0.045833
0 0.282031 0.681019 0.032292 0.040741
0 0.029818 0.479398 0.058594 0.158796
0 0.033073 0.131944 0.065625 0.106481
0 0.400781 0.048843 0.053125 0.056944
0 0.469922 0.316667 0.135677 0.124074
0 0.610547 0.591898 0.141927 0.112500
0 0.690365 0.506481 0.018229 0.026852
0 0.730859 0.287037 0.071615 0.075926
0 0.689974 0.129398 0.074740 0.056019
0 0.585677 0.909722 0.020833 0.036111
0 0.962500 0.729861 0.075000 0.117130
0 0.912240 0.639352 0.023438 0.027778
0 0.903776 0.576389 0.025260 0.029630
0 0.981510 0.104861 0.036979 0.088426
0 0.887760 0.029398 0.069271 0.056944
