0 0.531250 0.568981 0.066667 0.066667
0 0.480859 0.553009 0.010677 0.016204
0 0.654687 0.508102 0.064583 0.093056
0 0.807943 0.642824 0.026302 0.046759
0 0.718620 0.858333 0.072656 0.097222
0 0.657292 0.937500 0.052083 0.043519
0 0.818229 0.960185 0.154688 0.079630
0 0.922005 0.934259 0.014844 0.019444
0 0.216276 0.944213 0.025781 0.032870
0 0.176302 0.976852 0.021354 0.020370
0 0.577865 0.236574 0.329688 0.357407
0 0.446615 0.043287 0.105729 0.062500
0 0.799609 0.342361 0.084635 0.066204
0 0.394010 0.353935 0.015625 0.019907
0 0.228255 0.375231 0.019531 0.022685
0 0.278646 0.289815 0.099479 0.108333
0 0.315625 0.235880 0.094792 0.108796
0 0.248698 0.033102 0.060937 0.039352
0 0.126693 0.064815 0.047135 0.067593
0 0.040755 0.039583 0.078906 0.078241
0 0.021484 0.285880 0.042448 0.089352
0 0.976172 0.479630 0.034115 0.030556
0 0.908854 0.443056 0.140625 0.150000
0 0.929818 0.321296 0.045573 0.052778
0 0.909635 0.255556 0.038542 0.044444
0 0.966016 0.162731 0.045573 0.044907
0 0.879818 0.184028 0.036198 0.046759
