0 0.640104 0.680556 0.168229 0.102778
0 0.958724 0.676852 0.052344 0.068519
0 0.979427 0.715278 0.041146 0.050000
0 0.785156 0.796296 0.085417 0.112037
0 0.622266 0.968750 0.172135 0.062500
0 0.245964 0.979630 0.025260 0.040741
0 0.139844 0.896065 0.133333 0.140278
0 0.114714 0.960648 0.011719 0.019444
0 0.041016 0.928704 0.081510 0.142593
0 0.038672 0.686806 0.076823 0.164352
0 0.034766 0.762731 0.018490 0.023611
0 0.182943 0.297685 0.112760 0.142593
0 0.320443 0.147917 0.079948 0.075463
0 0.451693 0.051389 0.106510 0.101852
