0 0.344792 0.622685 0.239583 0.206481
0 0.568750 0.624537 0.023958 0.030556
0 0.355859 0.474537 0.105469 0.101852
0 0.350521 0.761806 0.033854 0.031019
0 0.376432 0.762731 0.019531 0.026389
0 0.442839 0.825231 0.010156 0.013426
0 0.506510 0.874769 0.009375 0.018056
0 0.267448 0.887500 0.521875 0.225000
0 0.053255 0.625926 0.059115 0.052778
0 0.062370 0.600463 0.022135 0.033333
0 0.164193 0.556481 0.024740 0.040741
0 0.175781 0.281713 0.087500 0.089352
0 0.232161 0.335185 0.063281 0.071296
0 0.198958 0.390509 0.086979 0.071759
0 0.252734 0.417824 0.020052 0.027315
0 0.213151 0.488889 0.098177 0.128704
0 0.063411 0.434028 0.021094 0.029167
0 0.378125 0.312269 0.028646 0.036574
0 0.666016 0.659722 0.014844 0.020370
0 0.706771 0.702546 0.009375 0.018981
0 0.632812 0.909491 0.089583 0.077315
0 0.707552 0.962269 0.016146 0.030093
0 0.775521 0.976389 0.028646 0.018519
0 0.804297 0.930556 0.026823 0.031481
0 0.820052 0.935648 0.010937 0.018519
0 0.849740 0.901852 0.056771 0.034259
0 0.864844 0.867593 0.018750 0.019444
0 0.864974 0.758333 0.046094 0.064815
0 0.923958 0.730324 0.045312 0.035648
0 0.923438 0.796991 0.118229 0.133796
0 0.402474 0.020139 0.045573 0.038426
0 0.278906 0.111574 0.169792 0.222222
0 0.197786 0.094444 0.058594 0.101852
0 0.165885 0.197222 0.095833 0.107407
0 0.061849 0.137500 0.091406 0.118519
0 0.012370 0.086111 0.023698 0.069444
