0 0.680078 0.305556 0.044010 0.025000
0 0.904427 0.500000 0.084896 0.084259
0 0.936849 0.223148 0.032552 0.028704
0 0.423177 0.277546 0.023438 0.028241
0 0.379036 0.386574 0.069531 0.059259
0 0.172135 0.451389 0.091667 0.100000
0 0.114062 0.694676 0.128646 0.166204
0 0.188672 0.693056 0.018490 0.024074
0 0.230599 0.792361 0.122135 0.070833
0 0.195443 0.913657 0.087240 0.083796
0 0.112500 0.985648 0.061979 0.028704
0 0.423958 0.943750 0.190625 0.112500
0 0.302474 0.071759 0.071094 0.100926
0 0.394271 0.064815 0.060937 0.081481
0 0.103646 0.012963 0.038542 0.024074
0 0.986849 0.806944 0.026302 0.109259
