0 0.337630 0.746991 0.011198 0.010648
0 0.388542 0.715509 0.014063 0.017130
0 0.414062 0.728704 0.009375 0.011111
0 0.407943 0.646991 0.005990 0.008796
0 0.473177 0.741435 0.008333 0.008796
0 0.508203 0.641435 0.016927 0.018981
0 0.470052 0.608102 0.064062 0.078241
0 0.339844 0.556481 0.102604 0.074074
0 0.410286 0.509954 0.025260 0.018981
0 0.216927 0.559722 0.009375 0.012963
0 0.185286 0.561343 0.010677 0.017130
0 0.630990 0.693981 0.017188 0.014815
0 0.502995 0.437037 0.114323 0.151852
0 0.603255 0.282870 0.182031 0.122222
0 0.458073 0.148843 0.084896 0.043981
0 0.551042 0.080787 0.017188 0.022685
0 0.379167 0.048843 0.057292 0.053241
0 0.685547 0.200000 0.116927 0.087963
0 0.733333 0.284028 0.053646 0.057870
0 0.795182 0.305787 0.032031 0.039352
0 0.896484 0.276620 0.207031 0.381019
0 0.830339 0.292824 0.022656 0.059722
0 0.738672 0.044444 0.110156 0.087037
0 0.860547 0.452315 0.087760 0.084259
0 0.903125 0.495139 0.015104 0.016204
0 0.895833 0.532639 0.034375 0.044907
0 0.910677 0.533565 0.010417 0.012500
0 0.905729 0.596296 0.005208 0.012037
0 0.860807 0.615278 0.004948 0.008333
0 0.997526 0.653241 0.004427 0.008333
0 0.929688 0.815278 0.005208 0.009259
0 0.039583 0.451620 0.021875 0.028241
0 0.080729 0.421991 0.020833 0.028241
0 0.021745 0.275231 0.042969 0.081944
0 0.036458 0.278009 0.019792 0.020833
0 0.166667 0.194907 0.332813 0.388889
