0 0.345182 0.717361 0.114844 0.122685
0 0.452083 0.897685 0.043750 0.058333
0 0.315495 0.974769 0.058073 0.050463
0 0.235417 0.851157 0.024479 0.034722
0 0.129818 0.963889 0.129427 0.072222
0 0.075130 0.913194 0.034115 0.038426
0 0.105078 0.885185 0.091927 0.076852
0 0.021745 0.935648 0.029427 0.045370
0 0.022656 0.747917 0.044792 0.108796
0 0.287109 0.522454 0.117448 0.194907
0 0.679688 0.378935 0.116146 0.079167
0 0.675521 0.398148 0.031771 0.033333
0 0.675781 0.513426 0.185417 0.186111
0 0.483073 0.508796 0.138021 0.083333
0 0.392188 0.537269 0.091146 0.064352
0 0.564714 0.655093 0.409115 0.253704
0 0.679297 0.866667 0.171094 0.188889
0 0.868620 0.853241 0.209115 0.280556
0 0.979818 0.835417 0.040365 0.084722
0 0.971484 0.739815 0.057031 0.072222
0 0.992188 0.690278 0.015625 0.025000
0 0.966146 0.569907 0.067708 0.058333
0 0.972917 0.512269 0.028646 0.023611
0 0.820052 0.567130 0.164583 0.221296
0 0.804427 0.427083 0.055729 0.050463
0 0.474740 0.322222 0.303646 0.335185
0 0.300521 0.341435 0.051562 0.072685
0 0.595703 0.135880 0.124740 0.084722
0 0.744531 0.129861 0.060937 0.061574
0 0.820312 0.248611 0.079687 0.112963
0 0.863932 0.151852 0.036719 0.047222
0 0.913672 0.121991 0.067969 0.100463
0 0.953516 0.103009 0.038281 0.032870
0 0.139063 0.431019 0.277083 0.858333
