0 0.525391 0.921991 0.067448 0.075463
0 0.490625 0.990509 0.035417 0.018981
0 0.617057 0.941435 0.029427 0.029167
0 0.708333 0.877315 0.079167 0.049074
0 0.734896 0.973380 0.102604 0.053241
0 0.845313 0.932639 0.066667 0.057870
0 0.890755 0.607870 0.218490 0.287963
0 0.735677 0.545139 0.042708 0.029167
0 0.642708 0.646759 0.089583 0.102778
0 0.474609 0.639583 0.198177 0.261574
0 0.427604 0.816204 0.044271 0.044444
0 0.293359 0.896528 0.122135 0.087500
0 0.307422 0.983796 0.037760 0.032407
0 0.184896 0.943750 0.035937 0.040278
0 0.056641 0.912269 0.112760 0.145833
0 0.105599 0.616435 0.209635 0.247685
0 0.284375 0.491204 0.010937 0.015741
0 0.020703 0.468287 0.040885 0.053241
0 0.225000 0.383565 0.057813 0.058796
0 0.084505 0.341435 0.168490 0.193056
0 0.107161 0.183333 0.213281 0.175000
0 0.066406 0.037731 0.080729 0.069907
0 0.547656 0.159954 0.900521 0.315278
0 0.759375 0.276389 0.017708 0.025926
0 0.767708 0.318287 0.023438 0.052315
0 0.647135 0.260880 0.047917 0.055093
0 0.951432 0.287731 0.049740 0.068981
0 0.941536 0.345602 0.064844 0.057870
0 0.861719 0.339120 0.018229 0.040278
0 0.706250 0.380556 0.023438 0.025926
0 0.669010 0.409491 0.022396 0.032870
0 0.670703 0.480324 0.097656 0.134722
0 0.565755 0.445370 0.123177 0.092593
0 0.387500 0.529398 0.031771 0.048611
0 0.312240 0.351620 0.020833 0.026389
0 0.939063 0.222685 0.076042 0.061111
