0 0.500130 0.771991 0.171094 0.158796
0 0.365365 0.803704 0.020313 0.017593
0 0.416797 0.883333 0.116927 0.112037
0 0.372266 0.971759 0.053906 0.056481
0 0.268359 0.919444 0.095573 0.069444
0 0.229297 0.975000 0.049219 0.050000
0 0.202995 0.946991 0.042969 0.053241
0 0.076823 0.815509 0.153125 0.320833
0 0.106901 0.685648 0.166406 0.107407
0 0.317448 0.645370 0.050521 0.058333
0 0.413672 0.608796 0.114323 0.062037
0 0.499870 0.652546 0.068490 0.078241
0 0.542578 0.499537 0.064844 0.076852
0 0.337370 0.455093 0.100781 0.100926
0 0.320573 0.420370 0.026042 0.025926
0 0.441797 0.413194 0.034635 0.040278
0 0.492318 0.414120 0.054427 0.090278
0 0.142187 0.491898 0.283854 0.336574
0 0.096094 0.356713 0.063021 0.056944
0 0.204557 0.265278 0.141927 0.142593
0 0.050000 0.239120 0.099479 0.124537
0 0.117188 0.101389 0.233854 0.199074
0 0.293750 0.123148 0.143750 0.159259
0 0.324089 0.217130 0.027344 0.035185
0 0.337370 0.026852 0.171094 0.050926
0 0.430469 0.174769 0.086979 0.120833
0 0.436719 0.287500 0.106250 0.101852
0 0.547005 0.016667 0.116406 0.031481
0 0.522396 0.166898 0.044792 0.091204
0 0.583203 0.219676 0.059115 0.087500
0 0.628385 0.167824 0.057292 0.051389
0 0.766797 0.123148 0.299219 0.242593
0 0.728125 0.347917 0.115104 0.132870
0 0.692969 0.436343 0.085417 0.084722
0 0.619271 0.373843 0.025000 0.022685
0 0.654167 0.525926 0.064583 0.043519
0 0.644531 0.630093 0.127604 0.176852
0 0.834115 0.694213 0.228646 0.126389
0 0.898047 0.627546 0.057552 0.060648
0 0.946875 0.549306 0.095312 0.098611
0 0.883203 0.549537 0.055469 0.044444
0 0.847005 0.581019 0.029427 0.034259
0 0.823698 0.521065 0.016667 0.031019
0 0.792708 0.568287 0.042188 0.043981
0 0.972526 0.675231 0.016406 0.035648
0 0.920703 0.792361 0.039323 0.045833
0 0.963932 0.845370 0.072135 0.177778
0 0.874870 0.842130 0.029948 0.040741
0 0.692318 0.922685 0.154948 0.154630
0 0.935547 0.085648 0.040885 0.063889
0 0.900911 0.216435 0.198177 0.405093
