0 0.576172 0.385648 0.054427 0.092593
0 0.507812 0.503472 0.103125 0.143056
0 0.761458 0.724769 0.107292 0.160648
0 0.894661 0.899769 0.099740 0.180093
0 0.920312 0.541667 0.060937 0.059259
0 0.990885 0.510648 0.011458 0.016667
0 0.690625 0.965509 0.028646 0.035648
0 0.467318 0.822685 0.012760 0.015741
0 0.777214 0.431944 0.011198 0.024074
0 0.282943 0.771065 0.107031 0.095833
0 0.267578 0.900231 0.079427 0.043056
0 0.314583 0.981481 0.057813 0.037037
0 0.350911 0.863889 0.013281 0.016667
0 0.778906 0.164352 0.030208 0.031481
0 0.908724 0.286111 0.013802 0.012037
0 0.105859 0.111806 0.113281 0.127315
