0 0.411719 0.688194 0.110937 0.092130
0 0.306901 0.779630 0.127865 0.175926
0 0.302995 0.981250 0.021615 0.031944
0 0.163932 0.687037 0.104427 0.104630
0 0.891536 0.717361 0.196615 0.244907
0 0.872786 0.543056 0.012240 0.018519
0 0.493099 0.790278 0.027865 0.034259
0 0.505469 0.484954 0.024479 0.034722
0 0.242708 0.386574 0.034375 0.044444
0 0.325000 0.494213 0.017708 0.025463
0 0.721484 0.983102 0.130469 0.033796
0 0.834896 0.219213 0.031250 0.035648
0 0.978516 0.178704 0.042969 0.038889
0 0.978516 0.017824 0.042969 0.032870
0 0.903125 0.085185 0.027083 0.045370
0 0.459766 0.059491 0.120573 0.099537
0 0.069271 0.075463 0.136979 0.142593
0 0.912370 0.959491 0.013802 0.019907
