0 0.552865 0.451620 0.135937 0.127315
0 0.675911 0.375000 0.042448 0.043519
0 0.585938 0.540278 0.030208 0.034259
0 0.371094 0.604630 0.057813 0.050000
0 0.372786 0.466435 0.188281 0.212500
0 0.432943 0.699306 0.066927 0.064352
0 0.516667 0.865741 0.121354 0.165741
0 0.380729 0.892593 0.035937 0.042593
0 0.272005 0.795370 0.225260 0.264815
0 0.242969 0.811574 0.047917 0.078704
0 0.201693 0.880093 0.038281 0.048148
0 0.016016 0.685185 0.031510 0.105556
0 0.092318 0.826852 0.184115 0.232407
0 0.148828 0.647454 0.047135 0.054167
0 0.158333 0.555093 0.095312 0.089815
0 0.241797 0.493056 0.066406 0.127778
0 0.086328 0.395370 0.085677 0.092593
0 0.074740 0.519907 0.046354 0.047222
0 0.042969 0.487500 0.028646 0.049074
0 0.019271 0.512500 0.038021 0.102778
0 0.110417 0.321065 0.072917 0.090278
0 0.040885 0.281019 0.080729 0.108333
0 0.120833 0.216898 0.048438 0.053241
0 0.147266 0.253704 0.048698 0.037963
0 0.780078 0.676389 0.040365 0.051852
0 0.834245 0.635417 0.008594 0.015278
0 0.680859 0.830324 0.018490 0.020833
0 0.732552 0.900694 0.027083 0.026389
0 0.787109 0.873611 0.043490 0.032407
0 0.965104 0.443519 0.053125 0.072222
0 0.503125 0.966667 0.102083 0.066667
