0 0.411979 0.360648 0.225521 0.325926
0 0.299089 0.632639 0.053385 0.056019
0 0.304427 0.687500 0.030729 0.025000
0 0.301172 0.717130 0.035677 0.049074
0 0.328125 0.720833 0.021875 0.018519
0 0.341146 0.739352 0.011979 0.014815
0 0.264453 0.744676 0.050781 0.089352
0 0.421745 0.612269 0.018490 0.019907
0 0.505859 0.673148 0.030469 0.041667
0 0.520052 0.712963 0.073958 0.084259
0 0.394531 0.885880 0.032813 0.043981
0 0.428646 0.883333 0.025000 0.025000
0 0.457943 0.853241 0.007552 0.008333
0 0.346094 0.927083 0.075000 0.078241
0 0.371875 0.980556 0.027604 0.031481
0 0.097135 0.871296 0.009896 0.014815
0 0.534245 0.922917 0.225260 0.154167
0 0.422005 0.984491 0.041927 0.031019
0 0.665104 0.782639 0.061458 0.069907
0 0.658464 0.688657 0.020573 0.012500
0 0.777604 0.589352 0.022917 0.027778
0 0.663281 0.534954 0.030208 0.050463
0 0.926693 0.798148 0.010677 0.025000
0 0.982552 0.720602 0.020833 0.018981
0 0.604688 0.533333 0.014583 0.018519
0 0.630859 0.543287 0.015365 0.031019
0 0.605078 0.584259 0.050781 0.041667
0 0.591276 0.645602 0.010156 0.014352
0 0.607812 0.689352 0.013542 0.014815
0 0.675781 0.442593 0.020833 0.030556
0 0.650391 0.444444 0.015885 0.025000
0 0.259505 0.125000 0.161719 0.172222
0 0.346484 0.059954 0.026302 0.037500
0 0.316146 0.021296 0.038021 0.041667
0 0.276432 0.009491 0.049219 0.018056
0 0.185547 0.010880 0.023698 0.018981
0 0.177995 0.031713 0.030990 0.037500
0 0.129688 0.054630 0.071354 0.065741
0 0.741536 0.350926 0.032552 0.032407
