0 0.348307 0.566435 0.077344 0.103241
0 0.494010 0.622917 0.008333 0.014352
0 0.200130 0.956019 0.062760 0.087963
0 0.109245 0.754861 0.025260 0.019907
0 0.096745 0.946991 0.103906 0.106019
0 0.105729 0.404861 0.071354 0.134722
0 0.067578 0.604861 0.079948 0.067130
0 0.659115 0.373611 0.068229 0.080556
0 0.752344 0.403241 0.018750 0.027778
0 0.788021 0.446991 0.084896 0.081944
0 0.668359 0.197454 0.066406 0.063426
0 0.561458 0.087500 0.025521 0.026852
0 0.500130 0.029861 0.036198 0.051389
0 0.939063 0.513194 0.121875 0.146759
0 0.934896 0.195833 0.056771 0.040741
0 0.990885 0.167593 0.018229 0.040741
