0 0.742448 0.844676 0.113021 0.119907
0 0.824089 0.833796 0.019531 0.027778
0 0.879036 0.791667 0.042448 0.039815
0 0.898307 0.980556 0.029427 0.038889
0 0.660026 0.703935 0.297135 0.214352
0 0.652995 0.828935 0.033594 0.045833
0 0.642318 0.570602 0.036198 0.029167
0 0.585417 0.575926 0.059896 0.060185
0 0.578906 0.324306 0.111458 0.104167
0 0.379036 0.576852 0.019010 0.022222
0 0.423177 0.562500 0.068229 0.106481
0 0.467578 0.628009 0.044010 0.063426
0 0.469141 0.469907 0.035156 0.050000
0 0.382682 0.436111 0.073698 0.047222
0 0.341927 0.854630 0.052604 0.040741
0 0.265885 0.729861 0.028125 0.035648
0 0.150391 0.684028 0.020052 0.022685
0 0.073568 0.788194 0.146094 0.165278
0 0.039974 0.950000 0.078906 0.086111
0 0.106250 0.470370 0.066667 0.065741
0 0.063932 0.437037 0.023177 0.036111
0 0.015234 0.488426 0.029948 0.075926
0 0.210938 0.302778 0.028125 0.025926
0 0.233984 0.311343 0.015365 0.027315
0 0.529687 0.088657 0.177083 0.174537
0 0.630339 0.116204 0.049219 0.042593
0 0.747526 0.187037 0.125260 0.147222
0 0.866927 0.185185 0.092188 0.069444
0 0.853385 0.121759 0.069271 0.057407
0 0.901042 0.272454 0.017188 0.023611
0 0.947135 0.332407 0.015104 0.023148
0 0.798958 0.034491 0.105208 0.068056
0 0.932943 0.052778 0.134115 0.104630
0 0.958724 0.147454 0.077865 0.133796
