0 0.750781 0.879398 0.132292 0.127315
0 0.735677 0.793287 0.037500 0.050463
0 0.646875 0.810880 0.061458 0.087500
0 0.608594 0.880324 0.007812 0.011574
0 0.672396 0.978009 0.077604 0.043981
0 0.942969 0.881713 0.114062 0.161574
0 0.882161 0.714120 0.071615 0.064352
0 0.975911 0.686806 0.048177 0.218056
0 0.864453 0.586343 0.039323 0.046759
0 0.839453 0.611343 0.010677 0.015278
0 0.914844 0.444907 0.039062 0.050000
0 0.874349 0.369907 0.146094 0.100926
0 0.966276 0.375694 0.034635 0.042130
0 0.979688 0.324074 0.040625 0.088889
0 0.973698 0.225463 0.028125 0.037037
0 0.702344 0.464352 0.169792 0.146296
0 0.609505 0.418056 0.022135 0.034259
0 0.588281 0.598380 0.176563 0.143981
0 0.428516 0.613889 0.136198 0.140741
0 0.392188 0.740509 0.137500 0.184722
0 0.285417 0.700231 0.114062 0.193056
0 0.123568 0.740509 0.246615 0.160648
0 0.067448 0.860185 0.134375 0.115741
0 0.142448 0.972222 0.046354 0.055556
0 0.554167 0.390046 0.020833 0.035648
0 0.589583 0.369907 0.020833 0.020370
0 0.603906 0.287731 0.070312 0.072685
0 0.683464 0.295602 0.083594 0.087500
0 0.889453 0.214815 0.136719 0.100926
0 0.241797 0.488426 0.100781 0.111111
0 0.306250 0.467361 0.028125 0.040278
0 0.053776 0.575926 0.106510 0.136111
0 0.092839 0.396991 0.184635 0.218056
0 0.141667 0.325231 0.133854 0.113426
0 0.068750 0.226852 0.063542 0.098148
0 0.011458 0.224306 0.022396 0.066204
0 0.107292 0.109259 0.106250 0.123148
0 0.053516 0.024769 0.050781 0.048611
0 0.116016 0.031944 0.090365 0.061111
0 0.222656 0.039352 0.120313 0.076852
0 0.197656 0.063657 0.026562 0.036574
0 0.169141 0.187037 0.070573 0.038889
0 0.257812 0.319907 0.201042 0.299074
0 0.141016 0.238657 0.076302 0.105093
0 0.401172 0.265278 0.163802 0.240741
0 0.337891 0.077315 0.054948 0.075926
0 0.359635 0.022222 0.093750 0.043519
0 0.293229 0.086574 0.032292 0.035185
0 0.485547 0.096296 0.260677 0.156481
0 0.482682 0.169676 0.032031 0.039352
0 0.509115 0.230324 0.104167 0.084722
0 0.586328 0.187269 0.047656 0.049537
0 0.755990 0.239120 0.104167 0.130093
0 0.787500 0.031019 0.102604 0.061111
0 0.722135 0.044213 0.080208 0.067130
0 0.635677 0.028472 0.028646 0.040278
0 0.801042 0.098148 0.331771 0.195370
0 0.975130 0.106250 0.049740 0.153241
0 0.534635 0.301157 0.011458 0.016204
