0 0.230208 0.581713 0.203125 0.131019
0 0.171354 0.670139 0.093229 0.078241
0 0.427865 0.728241 0.066667 0.077778
0 0.049219 0.671296 0.097396 0.193519
0 0.085677 0.736343 0.032813 0.035648
0 0.128646 0.839815 0.126042 0.096296
0 0.166797 0.943056 0.305469 0.113889
0 0.621615 0.894907 0.181250 0.191667
0 0.802995 0.853935 0.203385 0.157870
0 0.900130 0.911343 0.103385 0.139352
0 0.966797 0.767593 0.010677 0.023148
0 0.722135 0.688657 0.314063 0.218981
0 0.633984 0.512037 0.464844 0.279630
0 0.887630 0.356481 0.223698 0.149074
0 0.984896 0.025694 0.029687 0.043056
