0 0.386979 0.089583 0.228646 0.177315
0 0.168099 0.372685 0.227865 0.243519
0 0.176302 0.200926 0.019792 0.025000
0 0.089714 0.138194 0.037760 0.039352
0 0.147917 0.629167 0.082292 0.075926
0 0.231250 0.647454 0.026042 0.028241
0 0.025651 0.580787 0.050781 0.058796
0 0.064323 0.926852 0.127604 0.146296
0 0.572917 0.845370 0.031771 0.034259
0 0.667188 0.742130 0.047917 0.052778
0 0.763411 0.752083 0.010156 0.019907
0 0.982812 0.986111 0.034375 0.027778
0 0.875781 0.825694 0.248438 0.348611
0 0.882682 0.640741 0.110677 0.134259
0 0.927865 0.410185 0.144271 0.183333
0 0.703516 0.504167 0.251823 0.178704
0 0.829688 0.548380 0.031771 0.048611
0 0.641146 0.372454 0.159896 0.107870
0 0.271484 0.798843 0.540365 0.402315
