0 0.442057 0.914120 0.229948 0.171759
0 0.625391 0.899306 0.027344 0.036574
0 0.609635 0.942361 0.015625 0.018981
0 0.642839 0.940278 0.005990 0.007407
0 0.754948 0.903935 0.033854 0.039352
0 0.731771 0.823611 0.122917 0.095370
0 0.686589 0.789352 0.006510 0.012037
0 0.727083 0.950694 0.019792 0.022685
0 0.688932 0.883333 0.011719 0.009259
0 0.804427 0.917130 0.056250 0.053704
0 0.799609 0.979167 0.091927 0.041667
0 0.858073 0.950463 0.122917 0.099074
0 0.921094 0.862269 0.037500 0.039352
0 0.939583 0.785648 0.049479 0.050926
0 0.845313 0.722222 0.023438 0.021296
0 0.861068 0.713426 0.012760 0.021296
0 0.984245 0.871991 0.031510 0.046759
0 0.867839 0.543750 0.154948 0.250463
0 0.792578 0.457176 0.026823 0.035648
0 0.988151 0.546759 0.023698 0.048148
0 0.989583 0.396528 0.020833 0.092130
0 0.927344 0.371991 0.095312 0.048611
0 0.202214 0.836574 0.144010 0.168519
0 0.067057 0.791898 0.133594 0.189352
0 0.039583 0.853241 0.077604 0.087963
0 0.007682 0.901852 0.014844 0.029630
0 0.116536 0.934491 0.139323 0.090278
0 0.249479 0.989815 0.023958 0.020370
0 0.471484 0.598380 0.313802 0.283796
0 0.403385 0.450694 0.102083 0.076389
0 0.627344 0.335185 0.055208 0.061111
0 0.613411 0.380787 0.021094 0.032870
0 0.470443 0.234491 0.249740 0.357870
0 0.145964 0.387731 0.147656 0.122685
0 0.072135 0.550463 0.142187 0.199074
0 0.126693 0.665278 0.023177 0.027778
0 0.019531 0.388889 0.038542 0.054630
0 0.246875 0.203935 0.281771 0.327315
0 0.795443 0.127778 0.409115 0.249074
0 0.434766 0.019676 0.063281 0.038426
0 0.505729 0.026620 0.062500 0.050463
0 0.060547 0.175694 0.120573 0.346759
0 0.125130 0.009028 0.043490 0.016204
0 0.194922 0.034954 0.098698 0.065278
0 0.297526 0.025463 0.102865 0.048148
