0 0.624479 0.708333 0.087500 0.109259
0 0.550260 0.720370 0.056771 0.065741
0 0.644141 0.800926 0.024740 0.030556
0 0.668490 0.879861 0.031250 0.033796
0 0.639583 0.968981 0.027604 0.041667
0 0.563021 0.902778 0.025000 0.025926
0 0.500651 0.866204 0.172135 0.077778
0 0.424479 0.823380 0.097917 0.054167
0 0.407031 0.925231 0.022917 0.026389
0 0.446224 0.993981 0.011719 0.012037
0 0.417318 0.732870 0.051823 0.047222
0 0.442839 0.661111 0.057031 0.052778
0 0.477604 0.673148 0.013542 0.025926
0 0.577604 0.626852 0.013542 0.020370
0 0.649740 0.563194 0.044792 0.041204
0 0.549219 0.549769 0.156771 0.127315
0 0.422917 0.556481 0.095833 0.102778
0 0.410286 0.417593 0.039844 0.050926
0 0.589323 0.334491 0.129167 0.121759
0 0.591927 0.419213 0.085417 0.060648
0 0.662760 0.438194 0.043229 0.072685
0 0.666927 0.390278 0.017188 0.016667
0 0.685937 0.377083 0.022917 0.047685
0 0.705339 0.344676 0.033073 0.030093
0 0.738021 0.328472 0.035937 0.056019
0 0.741146 0.337037 0.014583 0.013889
0 0.770964 0.253241 0.054948 0.048148
0 0.705339 0.591898 0.061198 0.042130
0 0.844792 0.549537 0.140104 0.151852
0 0.909115 0.607176 0.028125 0.038426
0 0.957031 0.615509 0.024479 0.019907
0 0.889844 0.725463 0.010417 0.015741
0 0.916146 0.803704 0.007812 0.012963
0 0.973047 0.815046 0.053906 0.126389
0 0.985547 0.555324 0.028906 0.069907
0 0.868099 0.407176 0.047135 0.043981
0 0.962891 0.123380 0.040885 0.061574
0 0.982943 0.232176 0.034115 0.055093
0 0.972917 0.315509 0.054167 0.083796
0 0.956120 0.237963 0.017448 0.036111
0 0.867057 0.186806 0.160677 0.162500
0 0.882552 0.109491 0.016667 0.025463
0 0.866667 0.041898 0.131250 0.082870
0 0.685286 0.109954 0.058073 0.112500
0 0.721615 0.016667 0.035937 0.032407
0 0.409115 0.054398 0.058854 0.073611
0 0.355599 0.309491 0.051302 0.044907
0 0.303646 0.215046 0.028125 0.034722
0 0.329688 0.373148 0.042188 0.053704
0 0.321224 0.432639 0.055990 0.043056
0 0.338411 0.463194 0.037760 0.030093
0 0.269141 0.376620 0.025260 0.031019
0 0.185286 0.381713 0.115885 0.122685
0 0.108854 0.359028 0.063021 0.081019
0 0.067708 0.742593 0.034896 0.038889
0 0.176823 0.676389 0.021354 0.025000
0 0.316016 0.853009 0.023177 0.029167
0 0.047656 0.962963 0.094792 0.074074
0 0.006250 0.864120 0.011979 0.029167
0 0.036328 0.447685 0.033073 0.050926
0 0.085156 0.155093 0.146875 0.129630
0 0.148438 0.050000 0.019271 0.028704
0 0.059766 0.015972 0.070573 0.031019
0 0.266536 0.081250 0.017969 0.020833
