0 0.080599 0.862037 0.037240 0.025926
0 0.157552 0.887963 0.044792 0.052778
0 0.257943 0.972917 0.104948 0.054167
0 0.081120 0.384259 0.060677 0.055556
0 0.302344 0.476157 0.017188 0.021759
0 0.385677 0.503009 0.117188 0.085648
0 0.443099 0.549074 0.064323 0.065741
0 0.782682 0.808565 0.076823 0.076389
0 0.878906 0.943519 0.157292 0.112963
0 0.914193 0.629630 0.039323 0.050000
0 0.845833 0.648148 0.011458 0.019444
0 0.457552 0.244444 0.041146 0.044444
0 0.487240 0.318981 0.035417 0.043519
0 0.507552 0.233796 0.018229 0.022222
0 0.532292 0.254167 0.040625 0.037963
0 0.560026 0.325000 0.040885 0.051852
0 0.660156 0.397454 0.060937 0.079167
0 0.723698 0.303241 0.057292 0.044444
0 0.767057 0.194676 0.073698 0.102315
0 0.670052 0.244907 0.139583 0.098148
0 0.825000 0.261343 0.091146 0.073611
0 0.879036 0.302083 0.028906 0.034722
0 0.931120 0.117824 0.137760 0.173611
0 0.616536 0.010880 0.024219 0.020833
0 0.669792 0.008796 0.023438 0.016667
0 0.335417 0.021296 0.032292 0.039815
