0 0.063542 0.755556 0.054167 0.058333
0 0.006380 0.615741 0.012240 0.035185
0 0.500000 0.823380 0.018750 0.018056
0 0.615104 0.739583 0.077083 0.111574
0 0.709245 0.724074 0.127344 0.202778
0 0.775130 0.681481 0.071094 0.093519
0 0.653646 0.575231 0.086458 0.100463
0 0.882292 0.865509 0.057292 0.104167
0 0.898047 0.746065 0.049740 0.076389
0 0.960938 0.691898 0.078125 0.098611
0 0.966146 0.437963 0.067708 0.149074
0 0.853255 0.346991 0.010677 0.011574
0 0.866797 0.338194 0.012240 0.018056
0 0.386719 0.944907 0.025000 0.040741
0 0.407682 0.931713 0.015885 0.026389
0 0.378776 0.391204 0.174740 0.122222
0 0.486589 0.328935 0.257031 0.183796
0 0.700391 0.201852 0.210156 0.226852
0 0.188021 0.193981 0.140625 0.151852
0 0.304818 0.074074 0.135156 0.143519
0 0.994271 0.109028 0.011458 0.029167
0 0.996745 0.138889 0.006510 0.010185
