0 0.231380 0.732407 0.021094 0.017593
0 0.087109 0.624537 0.048177 0.061111
0 0.039062 0.528472 0.019271 0.029167
0 0.135677 0.474537 0.115104 0.140741
0 0.249219 0.338194 0.178646 0.146759
0 0.339974 0.251852 0.125781 0.096296
0 0.379557 0.356944 0.061719 0.074074
0 0.446875 0.399074 0.036979 0.047222
0 0.102214 0.214815 0.022656 0.025926
0 0.055859 0.103241 0.032031 0.056481
0 0.409375 0.086343 0.122917 0.097685
0 0.392318 0.010880 0.037760 0.020833
0 0.510156 0.553935 0.106250 0.089352
0 0.550000 0.600000 0.016667 0.024074
0 0.536589 0.618519 0.011198 0.011111
0 0.524870 0.626852 0.016927 0.022222
0 0.531380 0.650000 0.032552 0.027778
0 0.483854 0.716898 0.009896 0.010648
0 0.970313 0.621759 0.015104 0.016667
0 0.948307 0.737037 0.009115 0.009259
0 0.994010 0.545602 0.011458 0.023611
0 0.972396 0.057870 0.055208 0.114815
0 0.845182 0.087037 0.093490 0.085185
0 0.805599 0.623611 0.029948 0.045370
0 0.740625 0.639815 0.013542 0.036111
0 0.864062 0.552315 0.019792 0.023148
0 0.858333 0.567361 0.009375 0.012500
0 0.674609 0.372454 0.449219 0.490278
0 0.591797 0.014120 0.054948 0.027315
0 0.770443 0.008102 0.055990 0.015278
0 0.813802 0.016435 0.052604 0.031944
