0 0.300391 0.389120 0.078906 0.085648
0 0.777734 0.625926 0.083594 0.088889
0 0.878906 0.421759 0.073438 0.062963
0 0.794531 0.390509 0.018750 0.019907
0 0.675521 0.181019 0.053125 0.050000
0 0.734115 0.162963 0.052083 0.056481
0 0.855339 0.165972 0.034635 0.045833
0 0.669010 0.066898 0.082292 0.121759
0 0.691406 0.104398 0.032292 0.048611
0 0.744271 0.018287 0.052083 0.035648
0 0.729818 0.051157 0.031510 0.024537
0 0.309505 0.041667 0.037240 0.064815
0 0.978906 0.371759 0.042188 0.055556
0 0.935286 0.205093 0.058073 0.037963
0 0.913542 0.025231 0.069792 0.047685
0 0.806901 0.017593 0.071615 0.034259
0 0.853776 0.007870 0.016927 0.014815
0 0.946875 0.912037 0.014583 0.027778
0 0.986979 0.986111 0.015104 0.020370
