0 0.546484 0.249306 0.220573 0.193056
0 0.735938 0.294213 0.101562 0.135648
0 0.463802 0.445139 0.016146 0.022685
0 0.763281 0.575694 0.112500 0.118981
0 0.866016 0.643519 0.009635 0.016667
0 0.729948 0.700000 0.026042 0.027778
0 0.599609 0.746528 0.212760 0.187500
0 0.511328 0.834491 0.061198 0.092130
0 0.550781 0.851620 0.030729 0.037500
0 0.962240 0.849769 0.075521 0.106019
0 0.425000 0.733565 0.020833 0.024537
0 0.357031 0.631481 0.020313 0.014815
0 0.361589 0.766435 0.078385 0.104167
0 0.289583 0.867824 0.042188 0.045833
0 0.218490 0.959028 0.158333 0.081944
0 0.120182 0.944676 0.053906 0.056019
0 0.127344 0.983565 0.019271 0.032870
0 0.073828 0.981481 0.087240 0.037037
0 0.081120 0.879398 0.138802 0.175463
0 0.288151 0.420833 0.083594 0.127778
0 0.156120 0.379630 0.114844 0.111111
0 0.033724 0.427315 0.066927 0.097222
0 0.190755 0.200463 0.059115 0.062037
0 0.123177 0.016204 0.065625 0.031481
