0 0.693099 0.545602 0.045573 0.064352
0 0.643229 0.488889 0.013021 0.019444
0 0.561068 0.546759 0.012760 0.015741
0 0.715495 0.643287 0.011719 0.014352
0 0.760938 0.909028 0.035417 0.058796
0 0.834375 0.906250 0.073958 0.116204
0 0.862760 0.577778 0.034896 0.033333
0 0.811849 0.337269 0.167969 0.147685
0 0.940365 0.287963 0.051562 0.068519
0 0.988932 0.242130 0.019010 0.024074
0 0.646094 0.349306 0.052083 0.065278
0 0.597266 0.284722 0.101823 0.072222
0 0.510547 0.407639 0.066927 0.068981
0 0.172526 0.462500 0.296615 0.267593
0 0.276432 0.543981 0.013802 0.026852
0 0.246094 0.638657 0.043229 0.043056
0 0.039714 0.723611 0.064323 0.051852
0 0.032943 0.797917 0.065365 0.151389
0 0.146354 0.278472 0.044792 0.073611
0 0.220703 0.011111 0.033594 0.021296
0 0.523958 0.169676 0.058854 0.062500
0 0.697396 0.168981 0.027604 0.049074
0 0.733594 0.110648 0.074479 0.071296
0 0.682292 0.039583 0.020313 0.019907
0 0.730469 0.040509 0.090104 0.080093
0 0.618099 0.041667 0.062240 0.030556
0 0.879297 0.057176 0.052865 0.047685
0 0.986979 0.015046 0.026042 0.029167
0 0.454557 0.698380 0.013802 0.015278
0 0.006120 0.611806 0.011719 0.012500
