0 0.221875 0.851620 0.164062 0.199537
0 0.092448 0.878935 0.030208 0.032870
0 0.386198 0.984491 0.120313 0.031019
0 0.316797 0.963194 0.021615 0.032870
0 0.299479 0.980324 0.010417 0.010648
0 0.382422 0.764583 0.038281 0.039352
0 0.413021 0.670602 0.010937 0.014352
0 0.450911 0.899074 0.034115 0.031481
0 0.614062 0.724306 0.356771 0.165278
0 0.546354 0.855787 0.065104 0.060648
0 0.630469 0.907870 0.057292 0.064815
0 0.593359 0.936343 0.226823 0.127315
0 0.726172 0.787500 0.007031 0.008333
0 0.810677 0.612269 0.067708 0.101389
0 0.874349 0.639352 0.056510 0.122222
0 0.841406 0.707870 0.031771 0.041667
0 0.772005 0.849537 0.148177 0.112963
0 0.839974 0.804630 0.044010 0.062963
0 0.868880 0.833102 0.021094 0.033796
0 0.862240 0.908333 0.046875 0.025000
0 0.889714 0.848148 0.011719 0.023148
0 0.933594 0.898148 0.057813 0.036111
0 0.976953 0.878241 0.046094 0.092593
0 0.994922 0.830556 0.010156 0.014815
0 0.972526 0.726157 0.054948 0.105093
0 0.925391 0.760880 0.030990 0.030093
0 0.895964 0.760648 0.005990 0.006481
0 0.910156 0.848380 0.006771 0.007870
0 0.930729 0.557407 0.108333 0.101852
0 0.941276 0.488889 0.009115 0.013889
0 0.825391 0.428704 0.047656 0.086111
0 0.684115 0.390046 0.191667 0.168981
0 0.515495 0.321296 0.027865 0.040741
0 0.752734 0.164583 0.012240 0.028241
0 0.882943 0.233102 0.017969 0.033796
0 0.989062 0.136574 0.020313 0.052778
0 0.208464 0.156019 0.169010 0.127778
0 0.130469 0.123380 0.034375 0.025463
0 0.070833 0.100694 0.040625 0.039352
