0 0.144010 0.874074 0.049479 0.058333
0 0.356901 0.945370 0.025260 0.025926
0 0.447005 0.910185 0.056510 0.084259
0 0.499479 0.717361 0.065104 0.101389
0 0.444401 0.584491 0.104427 0.183796
0 0.350391 0.428704 0.149740 0.114815
0 0.939714 0.727546 0.120573 0.104167
0 0.849349 0.973148 0.073177 0.053704
0 0.567318 0.948148 0.057031 0.078704
0 0.714844 0.496528 0.021354 0.018981
0 0.516016 0.234954 0.092969 0.101389
0 0.531771 0.095370 0.096354 0.102778
0 0.457292 0.039583 0.123958 0.078241
0 0.319271 0.102778 0.134896 0.110185
0 0.402604 0.124074 0.029687 0.034259
0 0.090885 0.038657 0.073438 0.074537
