0 0.546224 0.423148 0.065885 0.075000
0 0.462240 0.616435 0.139583 0.072685
0 0.452344 0.693519 0.134375 0.080556
0 0.468099 0.749306 0.032552 0.022685
0 0.503776 0.865278 0.113802 0.088889
0 0.502604 0.950694 0.175521 0.098611
0 0.275911 0.749306 0.061198 0.081019
0 0.163281 0.872454 0.133333 0.116204
0 0.266667 0.905093 0.167708 0.189815
0 0.132812 0.974537 0.106250 0.050926
0 0.050521 0.843519 0.070833 0.069444
0 0.142578 0.721065 0.080469 0.097685
0 0.227734 0.370370 0.082031 0.105556
0 0.034375 0.281019 0.068229 0.086111
0 0.257552 0.218287 0.091146 0.076389
0 0.014453 0.073380 0.027344 0.103241
0 0.366016 0.152778 0.110677 0.117593
0 0.263021 0.048843 0.293750 0.093056
0 0.668359 0.057870 0.097135 0.113889
0 0.767188 0.054630 0.038542 0.062037
0 0.767057 0.346759 0.126302 0.244444
0 0.815104 0.608565 0.034375 0.072685
0 0.787370 0.625231 0.013802 0.019907
0 0.830599 0.728241 0.054948 0.071296
0 0.841927 0.805556 0.080208 0.064815
0 0.682422 0.960880 0.117969 0.078241
0 0.829948 0.862731 0.315625 0.256944
0 0.981510 0.504861 0.036979 0.079167
0 0.965234 0.372222 0.029948 0.042593
