0 0.497656 0.734259 0.225521 0.148148
0 0.622396 0.663194 0.023958 0.045833
0 0.674349 0.664815 0.035156 0.042593
0 0.693359 0.682407 0.051302 0.059259
0 0.731380 0.601852 0.057552 0.057407
0 0.681510 0.795833 0.020833 0.027778
0 0.626823 0.958796 0.127083 0.082407
0 0.472656 0.956250 0.022396 0.022685
0 0.453255 0.937731 0.010677 0.014352
0 0.338151 0.897454 0.029948 0.039352
0 0.807943 0.945370 0.017969 0.025000
0 0.809505 0.532870 0.060677 0.129630
0 0.667708 0.386343 0.063021 0.032870
0 0.607422 0.461806 0.120052 0.100463
0 0.690234 0.450463 0.074219 0.095370
0 0.919271 0.414352 0.161458 0.145370
0 0.967057 0.576389 0.016927 0.026852
0 0.985547 0.605093 0.028906 0.050000
0 0.821484 0.239815 0.124740 0.099074
0 0.706901 0.187269 0.073698 0.070833
0 0.682682 0.253472 0.076823 0.071759
0 0.533984 0.345833 0.161719 0.178704
0 0.496224 0.237731 0.086198 0.131019
0 0.335677 0.556944 0.184375 0.137963
0 0.339193 0.457870 0.161198 0.090741
0 0.317188 0.330093 0.075000 0.084259
0 0.189323 0.338426 0.091146 0.094444
0 0.213411 0.315509 0.027865 0.026389
0 0.187891 0.435880 0.147135 0.100463
0 0.202865 0.492593 0.035937 0.023148
0 0.109505 0.415972 0.027865 0.040278
0 0.139714 0.611343 0.049219 0.038426
0 0.063932 0.452083 0.061198 0.040278
0 0.020182 0.506250 0.039323 0.037500
0 0.089453 0.727778 0.136198 0.137963
0 0.150651 0.798611 0.040365 0.042593
0 0.200911 0.827778 0.027865 0.022222
0 0.109896 0.904630 0.019271 0.025926
0 0.087109 0.821991 0.015885 0.022685
0 0.216146 0.210185 0.146875 0.137037
0 0.371224 0.046991 0.083073 0.093056
0 0.431120 0.044444 0.040885 0.055556
0 0.379036 0.095139 0.022135 0.031019
0 0.410807 0.130556 0.068490 0.116667
0 0.802865 0.091204 0.041146 0.029630
0 0.933333 0.074769 0.069792 0.058796
0 0.966016 0.019676 0.067969 0.038426
0 0.974089 0.253009 0.051823 0.072685
0 0.131250 0.082176 0.080208 0.063426
0 0.149609 0.130787 0.030469 0.039352
0 0.052734 0.172222 0.042969 0.063889
0 0.019401 0.277546 0.038281 0.075463
