0 0.220964 0.836574 0.123698 0.189815
0 0.097135 0.776157 0.016667 0.013426
0 0.539714 0.685185 0.083594 0.100926
0 0.677083 0.688426 0.061979 0.078704
0 0.454948 0.843287 0.078646 0.075463
0 0.579297 0.840509 0.137760 0.113426
0 0.605729 0.950231 0.197917 0.099537
0 0.700260 0.846991 0.122917 0.176389
0 0.889323 0.742593 0.097917 0.099074
0 0.911328 0.869907 0.177344 0.195370
0 0.883333 0.977083 0.109896 0.045833
0 0.826953 0.587731 0.124740 0.074537
0 0.832031 0.524306 0.108854 0.077315
0 0.851172 0.644676 0.030469 0.027315
0 0.886979 0.346991 0.056250 0.042130
0 0.580729 0.293519 0.102604 0.076852
0 0.581120 0.340741 0.029427 0.050000
0 0.441276 0.487500 0.013802 0.019444
0 0.287109 0.190741 0.072656 0.087963
0 0.362891 0.231944 0.107552 0.088889
0 0.136979 0.590046 0.054688 0.086574
0 0.118750 0.503009 0.051042 0.100463
0 0.062240 0.371991 0.075000 0.075463
0 0.019531 0.310648 0.038542 0.050000
0 0.045964 0.249306 0.066406 0.075463
0 0.009766 0.126852 0.019010 0.032407
0 0.028255 0.017130 0.032031 0.030556
0 0.138151 0.023380 0.045573 0.043056
0 0.282682 0.043287 0.143490 0.082870
0 0.603516 0.179398 0.076302 0.068981
0 0.698307 0.114352 0.096094 0.094444
0 0.604427 0.023380 0.179167 0.045833
0 0.953646 0.038194 0.078646 0.075463
0 0.995964 0.798148 0.008073 0.062037
