0 0.285807 0.911806 0.061198 0.131019
0 0.320833 0.920139 0.017708 0.025463
0 0.324740 0.966204 0.011979 0.021296
0 0.354297 0.917824 0.009635 0.017130
0 0.369141 0.912731 0.018490 0.024537
0 0.362630 0.898380 0.004948 0.005093
0 0.397526 0.898843 0.004948 0.006944
0 0.356250 0.790972 0.043229 0.033796
0 0.105859 0.764815 0.032552 0.026852
0 0.055339 0.732407 0.058594 0.033333
0 0.186589 0.634491 0.012760 0.017130
0 0.803646 0.184259 0.107292 0.063889
0 0.935026 0.173611 0.024219 0.025000
0 0.446745 0.572917 0.023177 0.023611
0 0.812370 0.627778 0.009635 0.012963
0 0.771875 0.609028 0.007292 0.009722
