0 0.549219 0.473148 0.335938 0.157407
0 0.784635 0.664583 0.166667 0.158796
0 0.624089 0.928472 0.048698 0.056944
0 0.566276 0.918750 0.013281 0.028241
0 0.879818 0.937963 0.015365 0.022222
0 0.859115 0.402546 0.281771 0.292130
0 0.772266 0.177083 0.025781 0.059722
0 0.690365 0.062037 0.042708 0.056481
0 0.769401 0.016898 0.049219 0.031019
0 0.186589 0.909954 0.187240 0.180093
0 0.375260 0.923611 0.234896 0.152778
0 0.500781 0.985648 0.048438 0.028704
0 0.304297 0.749769 0.336198 0.270833
0 0.021484 0.734954 0.039844 0.074537
0 0.240755 0.567361 0.474740 0.228241
