0 0.800911 0.683102 0.238281 0.218056
0 0.738542 0.797685 0.522917 0.396296
0 0.984896 0.984722 0.030208 0.030556
0 0.401953 0.825000 0.137240 0.115741
0 0.303906 0.971296 0.063021 0.057407
0 0.275391 0.866204 0.020573 0.012963
0 0.265234 0.827546 0.016927 0.028241
0 0.218229 0.934028 0.048438 0.040278
0 0.233203 0.677315 0.132031 0.169444
0 0.071354 0.648843 0.142187 0.148611
0 0.071484 0.768981 0.142448 0.191667
0 0.009635 0.906713 0.018229 0.057870
0 0.031901 0.973843 0.056510 0.052315
0 0.285286 0.595602 0.033073 0.041204
0 0.287891 0.630787 0.010156 0.009722
0 0.916797 0.458565 0.161198 0.249537
0 0.967969 0.469213 0.064062 0.125463
0 0.979167 0.556713 0.028125 0.043981
0 0.984115 0.293981 0.031771 0.050926
0 0.900781 0.046991 0.115104 0.089352
0 0.959766 0.112500 0.080469 0.124074
0 0.113411 0.576157 0.044010 0.078241
0 0.026823 0.501389 0.053125 0.112037
0 0.014714 0.398380 0.028906 0.081019
0 0.226172 0.035648 0.041927 0.040741
0 0.313021 0.031481 0.045312 0.059259
0 0.405859 0.027083 0.081510 0.052315
0 0.362891 0.095139 0.075260 0.087500
0 0.571094 0.052315 0.158333 0.100926
0 0.480729 0.656713 0.094271 0.119907
0 0.540234 0.691667 0.055990 0.055556
0 0.637630 0.693981 0.069010 0.064815
0 0.696094 0.537269 0.134896 0.168981
0 0.791536 0.508796 0.057031 0.060185
0 0.822135 0.477778 0.026562 0.040741
0 0.822396 0.531250 0.027604 0.035648
0 0.354687 0.517130 0.363542 0.483333
0 0.149609 0.201389 0.296094 0.393519
0 0.154427 0.495370 0.237500 0.206481
0 0.612370 0.356250 0.630469 0.701389
