0 0.370052 0.322222 0.102604 0.081481
0 0.213802 0.310185 0.013021 0.018519
0 0.593750 0.592824 0.023438 0.030093
0 0.864323 0.573843 0.048958 0.050463
0 0.988672 0.695833 0.022656 0.061111
0 0.837630 0.749537 0.009115 0.016667
0 0.830990 0.392593 0.338021 0.288889
0 0.926953 0.263657 0.020573 0.020833
0 0.655208 0.237500 0.030729 0.044444
0 0.938932 0.147917 0.041406 0.060648
0 0.455078 0.146065 0.067969 0.083796
0 0.455729 0.176157 0.007292 0.011574
0 0.510677 0.204167 0.050521 0.064815
0 0.503385 0.023611 0.035417 0.042593
0 0.452083 0.057407 0.066667 0.112963
