0 0.306380 0.185880 0.093490 0.080093
0 0.019922 0.193056 0.039323 0.096296
0 0.412500 0.967361 0.154167 0.065278
0 0.573828 0.900694 0.192448 0.151389
0 0.725911 0.842130 0.015365 0.026852
0 0.927734 0.990278 0.020573 0.019444
0 0.983203 0.954167 0.033594 0.091667
0 0.971094 0.828935 0.057813 0.103241
0 0.882943 0.600231 0.085677 0.076389
0 0.830469 0.655324 0.052604 0.054167
0 0.853906 0.414352 0.020313 0.042593
0 0.840104 0.320370 0.032292 0.024074
0 0.989453 0.304630 0.021094 0.052778
0 0.945052 0.403935 0.038542 0.031944
0 0.611589 0.194213 0.204948 0.186574
0 0.836328 0.075694 0.064323 0.069907
