0 0.155729 0.392824 0.030208 0.054167
0 0.238411 0.831019 0.358073 0.144444
0 0.439453 0.746759 0.072135 0.103704
0 0.503646 0.787500 0.077604 0.137963
0 0.457813 0.853935 0.043229 0.053241
0 0.451693 0.956713 0.048177 0.063426
0 0.373047 0.962037 0.166406 0.075926
0 0.481641 0.991204 0.029427 0.017593
0 0.231901 0.984028 0.052344 0.031944
0 0.161979 0.936806 0.039062 0.063426
0 0.143620 0.965741 0.104427 0.068519
0 0.555469 0.929630 0.031771 0.037963
0 0.640625 0.893519 0.095833 0.136111
0 0.677083 0.985648 0.047396 0.028704
0 0.741016 0.883565 0.070052 0.085648
0 0.581641 0.698843 0.129427 0.116204
0 0.605599 0.626620 0.025260 0.026389
0 0.711198 0.590278 0.036458 0.025000
0 0.730859 0.619213 0.052344 0.069907
0 0.472786 0.550694 0.053385 0.111574
0 0.319792 0.492130 0.196875 0.197222
0 0.549870 0.338657 0.020052 0.052315
0 0.766146 0.835880 0.042708 0.040278
0 0.751823 0.956481 0.053646 0.037037
0 0.846354 0.715046 0.102604 0.187500
0 0.869401 0.876157 0.159635 0.219907
0 0.971094 0.982407 0.057813 0.035185
0 0.968750 0.883333 0.031771 0.037963
0 0.979036 0.717824 0.041927 0.068981
0 0.993359 0.775694 0.013281 0.046759
0 0.972005 0.785648 0.020052 0.019444
0 0.950391 0.764120 0.037240 0.036574
0 0.924219 0.780556 0.018750 0.026852
0 0.907422 0.745833 0.053906 0.048148
0 0.911328 0.676852 0.039323 0.042593
0 0.769531 0.743981 0.011979 0.017593
0 0.539193 0.053704 0.173177 0.106481
0 0.726562 0.213889 0.091667 0.087037
0 0.844792 0.157639 0.100000 0.088426
0 0.855990 0.019213 0.050521 0.029167
0 0.965234 0.187500 0.069531 0.104630
0 0.413411 0.255093 0.013281 0.022222
0 0.043750 0.741204 0.013542 0.013889
0 0.017318 0.818981 0.034115 0.032407
0 0.160156 0.733333 0.017708 0.024074
