0 0.572396 0.938889 0.257292 0.122222
0 0.716146 0.893750 0.054688 0.075463
0 0.630339 0.781944 0.021615 0.048148
0 0.498568 0.854630 0.089844 0.075926
0 0.400000 0.931713 0.032813 0.038426
0 0.832031 0.773843 0.045312 0.068056
0 0.745573 0.980324 0.049479 0.039352
0 0.826823 0.959491 0.119271 0.081019
0 0.965365 0.910880 0.069271 0.093056
0 0.972917 0.717130 0.054167 0.135185
0 0.719531 0.625926 0.115625 0.089815
0 0.866927 0.547685 0.266146 0.219444
0 0.746224 0.453935 0.067448 0.064352
0 0.822135 0.418287 0.110417 0.079167
0 0.951562 0.386574 0.096875 0.096296
0 0.674870 0.496991 0.075260 0.077315
0 0.626432 0.418287 0.090365 0.135648
0 0.553776 0.403241 0.032031 0.029630
0 0.641016 0.251852 0.045573 0.068519
0 0.791797 0.241898 0.246615 0.311574
0 0.902995 0.308102 0.024219 0.028241
0 0.977604 0.307176 0.031250 0.033796
0 0.965104 0.279861 0.069792 0.071759
0 0.343229 0.753935 0.157812 0.163426
0 0.220182 0.907407 0.126823 0.138889
0 0.204167 0.979167 0.038542 0.041667
0 0.136068 0.856481 0.015885 0.018519
0 0.053125 0.866204 0.009896 0.012963
0 0.022917 0.899769 0.045312 0.062500
0 0.168229 0.751157 0.077604 0.091204
0 0.111198 0.661111 0.220833 0.201852
0 0.092188 0.517130 0.033333 0.042593
0 0.109245 0.464352 0.040885 0.039815
0 0.123177 0.486343 0.010937 0.011574
0 0.071484 0.415046 0.022656 0.024537
0 0.013802 0.516667 0.027083 0.113889
0 0.063411 0.050231 0.125260 0.098611
0 0.060807 0.150694 0.034635 0.025463
0 0.367708 0.412731 0.471354 0.824537
0 0.552474 0.026389 0.046094 0.051852
0 0.380990 0.042361 0.061979 0.083796
0 0.900391 0.080556 0.101823 0.051852
