0 0.399479 0.764352 0.123958 0.170370
0 0.426042 0.671759 0.074479 0.048148
0 0.315104 0.676157 0.055208 0.079167
0 0.322135 0.942130 0.127083 0.115741
0 0.162370 0.649769 0.075781 0.055093
0 0.100000 0.491898 0.082292 0.113426
0 0.157682 0.496528 0.005990 0.011574
0 0.270052 0.320602 0.114583 0.089352
0 0.141797 0.128009 0.038281 0.062500
0 0.531510 0.392593 0.309896 0.260185
0 0.632292 0.554861 0.050521 0.044907
0 0.510417 0.235648 0.041146 0.065741
0 0.785156 0.946991 0.086979 0.105093
0 0.845443 0.879167 0.034635 0.033333
0 0.894010 0.943056 0.053125 0.063889
0 0.956771 0.895602 0.086458 0.146759
0 0.958984 0.981481 0.082031 0.037037
0 0.852604 0.321759 0.067708 0.061111
0 0.848958 0.122685 0.045312 0.067593
0 0.921484 0.212500 0.083073 0.059259
0 0.965234 0.266667 0.045573 0.051852
0 0.983464 0.110417 0.033073 0.055093
0 0.996094 0.054398 0.007812 0.017130
