0 0.192969 0.714815 0.078646 0.108333
0 0.036979 0.637963 0.030729 0.035185
0 0.051302 0.551389 0.078125 0.083333
0 0.073958 0.635880 0.014583 0.022685
0 0.110677 0.479861 0.029167 0.037500
0 0.138542 0.477315 0.019792 0.040741
0 0.164193 0.434028 0.036198 0.055093
0 0.378125 0.567130 0.089583 0.073148
0 0.111979 0.280324 0.083854 0.096759
0 0.288281 0.289815 0.041146 0.062963
0 0.138151 0.130324 0.061719 0.142130
0 0.030859 0.141435 0.061198 0.106019
0 0.265625 0.095602 0.066146 0.092130
0 0.347656 0.138426 0.084896 0.159259
0 0.379167 0.203241 0.018229 0.020370
0 0.434896 0.248611 0.036979 0.057407
0 0.357031 0.032407 0.039062 0.040741
0 0.445703 0.085185 0.141406 0.169444
0 0.592187 0.099537 0.048958 0.051852
0 0.585938 0.028472 0.034375 0.042130
0 0.733203 0.273380 0.018490 0.027315
0 0.802083 0.115046 0.123958 0.165278
0 0.882552 0.037963 0.095312 0.075000
0 0.925651 0.149074 0.038802 0.049074
0 0.951302 0.111806 0.022917 0.038426
0 0.967448 0.044907 0.065104 0.087963
0 0.554297 0.433565 0.052344 0.059722
0 0.653516 0.549769 0.064323 0.113426
0 0.838802 0.495833 0.058333 0.053704
0 0.879427 0.393056 0.032292 0.035185
0 0.988151 0.171991 0.023698 0.044907
0 0.987760 0.223380 0.024479 0.031944
0 0.988151 0.247454 0.023698 0.042130
0 0.987760 0.283333 0.024479 0.037963
