0 0.540755 0.054167 0.249219 0.105556
0 0.602474 0.194676 0.124219 0.106019
0 0.734766 0.288194 0.023698 0.032870
0 0.511068 0.271759 0.015365 0.017593
0 0.431120 0.280556 0.052865 0.044444
0 0.455469 0.391667 0.177083 0.175926
0 0.698177 0.434028 0.100000 0.059722
0 0.716276 0.500000 0.050781 0.058333
0 0.623958 0.509491 0.096875 0.081019
0 0.559505 0.511806 0.027865 0.048611
0 0.400651 0.489352 0.015365 0.013889
0 0.459635 0.580556 0.096354 0.127778
0 0.551172 0.638194 0.108073 0.110648
0 0.595573 0.675926 0.016667 0.028704
0 0.565755 0.581481 0.044531 0.030556
0 0.625391 0.611111 0.020052 0.030556
0 0.672917 0.643981 0.038021 0.056481
0 0.758594 0.552083 0.071875 0.079167
0 0.903385 0.066204 0.083854 0.086111
0 0.897135 0.726620 0.029167 0.030093
0 0.736198 0.736111 0.527604 0.527778
0 0.836979 0.886574 0.100000 0.152778
0 0.765104 0.920602 0.054688 0.040278
0 0.728255 0.876620 0.017969 0.027315
0 0.582943 0.891204 0.035677 0.042593
0 0.548958 0.866898 0.017708 0.025463
0 0.587760 0.937963 0.014063 0.022222
0 0.502474 0.925926 0.025781 0.032407
0 0.437240 0.972917 0.058333 0.054167
0 0.462240 0.850000 0.020833 0.021296
0 0.456250 0.805787 0.017708 0.021759
0 0.483464 0.815509 0.020573 0.028241
0 0.504427 0.695602 0.047396 0.047685
0 0.417708 0.878472 0.046875 0.045833
0 0.412891 0.923380 0.020052 0.027315
0 0.394010 0.897222 0.010417 0.013889
0 0.287760 0.828009 0.043229 0.049537
0 0.325391 0.866667 0.038802 0.043519
0 0.312630 0.729398 0.184635 0.183796
0 0.353255 0.573148 0.097135 0.128704
0 0.280729 0.616667 0.101562 0.080556
0 0.263672 0.387963 0.016406 0.025926
0 0.214974 0.486806 0.163281 0.213426
0 0.109896 0.571759 0.219271 0.174074
0 0.082812 0.733796 0.075000 0.130556
0 0.138411 0.745602 0.045573 0.068056
0 0.025911 0.772222 0.051302 0.161111
0 0.225781 0.862731 0.320833 0.274537
0 0.052734 0.925926 0.103906 0.148148
0 0.026172 0.406250 0.051823 0.146759
