0 0.623307 0.858796 0.028906 0.030556
0 0.495443 0.942824 0.004948 0.007870
0 0.230208 0.984722 0.013542 0.012037
0 0.198828 0.983333 0.014323 0.011111
0 0.047656 0.980787 0.072396 0.038426
0 0.085417 0.784491 0.010937 0.010648
0 0.775521 0.253241 0.089583 0.142593
0 0.737240 0.294213 0.033854 0.048611
0 0.769922 0.150231 0.016406 0.016204
0 0.836979 0.186574 0.010937 0.030556
0 0.796354 0.812963 0.004167 0.004630
0 0.807813 0.848148 0.002604 0.003704
0 0.893880 0.992593 0.012240 0.014815
0 0.784245 0.966435 0.004427 0.009722
0 0.989193 0.823380 0.007031 0.011574
0 0.995833 0.825000 0.003125 0.007407
0 0.978125 0.778241 0.009896 0.012037
