0 0.498828 0.162963 0.121615 0.100926
0 0.721484 0.232176 0.199740 0.199537
0 0.820703 0.135880 0.094531 0.077315
0 0.536589 0.369213 0.116927 0.143056
0 0.849089 0.612500 0.252344 0.222222
0 0.980990 0.806481 0.038021 0.085185
0 0.992448 0.853241 0.015104 0.022222
0 0.976172 0.900463 0.047656 0.048148
0 0.910937 0.824306 0.055208 0.056019
0 0.882292 0.787731 0.023438 0.034722
0 0.801953 0.774537 0.103906 0.058333
0 0.845052 0.887037 0.120313 0.176852
0 0.643750 0.832407 0.221875 0.184259
0 0.553516 0.650694 0.027344 0.034722
0 0.535026 0.632176 0.019531 0.019907
0 0.378776 0.650463 0.204427 0.253704
0 0.300130 0.518750 0.025781 0.027315
0 0.425521 0.939815 0.135937 0.120370
0 0.252734 0.912963 0.088802 0.102778
0 0.098568 0.707176 0.052344 0.059722
0 0.153646 0.506944 0.306250 0.357407
0 0.221224 0.359259 0.031510 0.034259
0 0.370964 0.335185 0.110156 0.143519
