0 0.654427 0.876620 0.506250 0.246759
0 0.624740 0.988194 0.031771 0.023611
0 0.761849 0.681481 0.044531 0.043519
0 0.736719 0.556019 0.223958 0.220370
0 0.456250 0.623380 0.044271 0.050463
0 0.458203 0.590972 0.024219 0.036574
0 0.427604 0.610648 0.026042 0.022222
0 0.328646 0.663889 0.013021 0.013889
0 0.732422 0.401157 0.093490 0.078241
0 0.439193 0.398843 0.020052 0.041204
0 0.572526 0.340046 0.086719 0.058796
0 0.633854 0.366898 0.023958 0.027315
0 0.603385 0.439815 0.102604 0.126852
0 0.557552 0.506944 0.023438 0.027778
0 0.569661 0.244213 0.143490 0.139352
0 0.545443 0.161111 0.048698 0.075000
0 0.494661 0.129861 0.034115 0.036574
0 0.552344 0.080324 0.045833 0.047685
0 0.631510 0.088657 0.167187 0.176389
0 0.732422 0.259259 0.040885 0.037037
0 0.389323 0.077546 0.127604 0.137500
0 0.181120 0.042593 0.148177 0.084259
0 0.076693 0.013426 0.059635 0.025926
0 0.920443 0.509722 0.015885 0.025000
0 0.835156 0.721296 0.007812 0.014815
0 0.979427 0.769213 0.041146 0.063426
0 0.961719 0.922685 0.041146 0.057407
0 0.913672 0.917593 0.012760 0.021296
