0 0.558203 0.835185 0.113281 0.125926
0 0.672917 0.859259 0.019271 0.040741
0 0.432552 0.952546 0.117188 0.094907
0 0.642448 0.990046 0.024479 0.019907
0 0.242057 0.838426 0.126823 0.162037
0 0.123828 0.853472 0.083073 0.106019
0 0.007292 0.985648 0.013542 0.028704
0 0.732552 0.477083 0.045833 0.058796
0 0.728906 0.608796 0.025000 0.031481
0 0.944010 0.796296 0.031771 0.052778
0 0.993490 0.686574 0.012500 0.017593
0 0.910547 0.390972 0.032552 0.038426
0 0.901042 0.362963 0.017708 0.026852
0 0.993229 0.301620 0.013542 0.035648
0 0.991536 0.219907 0.016927 0.050000
0 0.939063 0.243981 0.031250 0.042593
0 0.980599 0.075000 0.038802 0.064815
0 0.976302 0.153472 0.047396 0.041204
0 0.939714 0.208796 0.033594 0.030556
0 0.909115 0.072222 0.181771 0.143519
0 0.808854 0.167824 0.060937 0.080093
0 0.843359 0.212731 0.027344 0.030093
0 0.649349 0.291204 0.177865 0.273148
0 0.271354 0.338657 0.017188 0.021759
0 0.361328 0.316435 0.152865 0.098611
0 0.395443 0.212963 0.076823 0.088889
0 0.211719 0.188657 0.208333 0.148611
0 0.049609 0.185417 0.098698 0.103241
0 0.009115 0.043287 0.017708 0.032870
0 0.335417 0.011574 0.042188 0.021296
0 0.423698 0.093056 0.028125 0.042593
