0 0.274740 0.863657 0.109375 0.090278
0 0.154036 0.962731 0.164844 0.074537
0 0.084115 0.874769 0.059896 0.083796
0 0.012891 0.745370 0.025260 0.063889
0 0.005729 0.787269 0.010417 0.036574
0 0.424349 0.738194 0.057552 0.074537
0 0.416276 0.663657 0.038281 0.040278
0 0.544661 0.671991 0.042969 0.062500
0 0.491406 0.693056 0.034896 0.059259
0 0.474870 0.639120 0.057552 0.071759
0 0.469010 0.570139 0.077604 0.075463
0 0.466406 0.519213 0.025521 0.028241
0 0.596615 0.599074 0.123958 0.119444
0 0.566146 0.720833 0.010937 0.013889
0 0.622005 0.733796 0.051823 0.048148
0 0.692318 0.624306 0.063802 0.073611
0 0.268750 0.438657 0.220833 0.270833
0 0.127995 0.363657 0.019010 0.025463
0 0.050391 0.146296 0.098177 0.146296
0 0.072656 0.091898 0.014583 0.017130
0 0.038411 0.017593 0.075781 0.031481
0 0.131380 0.031019 0.087760 0.055556
0 0.220443 0.167361 0.254427 0.302315
0 0.520182 0.459491 0.063281 0.080093
0 0.537500 0.376389 0.062500 0.062037
0 0.554557 0.329398 0.033594 0.037500
0 0.411458 0.114583 0.235937 0.183796
0 0.532292 0.197917 0.097917 0.148611
0 0.404948 0.365741 0.210938 0.176852
0 0.497005 0.288426 0.089844 0.062963
0 0.668359 0.381713 0.159115 0.143981
0 0.607812 0.417361 0.062500 0.077315
0 0.570312 0.440741 0.021354 0.024074
0 0.791406 0.397917 0.113021 0.110648
0 0.748698 0.532870 0.081250 0.075926
0 0.718229 0.754167 0.018229 0.023148
0 0.737109 0.671296 0.009635 0.020370
0 0.476823 0.918981 0.171354 0.162037
0 0.688021 0.036343 0.178646 0.069907
0 0.585547 0.046528 0.037240 0.025463
0 0.569661 0.119907 0.054427 0.054630
0 0.620573 0.127546 0.052083 0.086574
0 0.665365 0.160417 0.113021 0.160648
0 0.668750 0.241898 0.018229 0.024537
0 0.819010 0.221065 0.189062 0.305093
0 0.861849 0.023611 0.092448 0.043519
0 0.945833 0.031019 0.067187 0.058333
0 0.944141 0.140046 0.089323 0.151389
0 0.961328 0.229167 0.077344 0.049074
0 0.972526 0.291898 0.054948 0.112500
0 0.990104 0.376389 0.019792 0.031481
0 0.970052 0.424074 0.016667 0.026852
0 0.927734 0.428704 0.031510 0.036111
0 0.963411 0.465278 0.073177 0.087037
0 0.979818 0.519907 0.010156 0.016667
0 0.910937 0.507639 0.025000 0.035648
0 0.874870 0.652546 0.250260 0.257870
0 0.788542 0.708333 0.107813 0.106481
0 0.836328 0.715972 0.033594 0.040278
0 0.977995 0.793056 0.044010 0.076852
0 0.961719 0.871759 0.076563 0.105556
0 0.946354 0.841667 0.016667 0.022222
0 0.934375 0.864120 0.020313 0.022685
0 0.937891 0.801852 0.025260 0.037037
0 0.890755 0.829398 0.060677 0.075463
0 0.853776 0.907176 0.063802 0.085648
0 0.717448 0.877315 0.386458 0.245370
