0 0.428906 0.775231 0.199479 0.194907
0 0.400130 0.845370 0.135156 0.094444
0 0.513281 0.929167 0.162500 0.095370
0 0.384505 0.902546 0.026823 0.031944
0 0.597917 0.798611 0.143750 0.163889
0 0.659766 0.948380 0.022135 0.030093
0 0.829297 0.843519 0.191406 0.225000
0 0.812630 0.989120 0.020573 0.020833
0 0.971094 0.950231 0.057813 0.099537
0 0.985286 0.862500 0.019010 0.021296
0 0.975911 0.761111 0.029427 0.041667
0 0.824349 0.508796 0.258594 0.264815
0 0.764193 0.382407 0.081510 0.064815
0 0.939844 0.283796 0.047917 0.038889
0 0.915625 0.077315 0.168750 0.153704
0 0.848828 0.153241 0.097135 0.081481
0 0.781641 0.033102 0.116406 0.063426
0 0.749349 0.090046 0.020573 0.030093
0 0.795573 0.209028 0.203646 0.272685
0 0.580469 0.173380 0.233854 0.267130
0 0.611979 0.029630 0.039583 0.033333
0 0.549479 0.029398 0.115625 0.055093
0 0.504818 0.350000 0.160156 0.119444
0 0.377083 0.361574 0.052083 0.059259
0 0.314453 0.365741 0.027865 0.057407
0 0.388281 0.215509 0.173437 0.232870
0 0.173698 0.340972 0.079687 0.079167
0 0.237760 0.339120 0.047917 0.046759
0 0.269010 0.308333 0.030208 0.043519
0 0.298568 0.313889 0.027344 0.027778
0 0.306380 0.130093 0.325260 0.256481
0 0.062240 0.297222 0.083854 0.081481
0 0.125911 0.258796 0.099740 0.063889
0 0.135286 0.096296 0.119531 0.101852
0 0.121615 0.017593 0.050521 0.031481
0 0.047266 0.014815 0.094010 0.028704
0 0.056250 0.111111 0.096354 0.056481
0 0.042188 0.195602 0.082292 0.125463
0 0.163281 0.504398 0.159896 0.137500
0 0.272266 0.539120 0.048698 0.045833
0 0.195312 0.608796 0.043750 0.069444
0 0.388021 0.521991 0.243229 0.217130
0 0.349870 0.614352 0.029427 0.048148
0 0.118490 0.754167 0.052604 0.056481
0 0.084896 0.762963 0.013542 0.020370
0 0.174609 0.737269 0.009115 0.018056
0 0.283724 0.901157 0.151302 0.197685
0 0.122005 0.890278 0.077344 0.070370
0 0.026823 0.957407 0.053125 0.085185
0 0.083854 0.601157 0.023958 0.022685
0 0.076823 0.523148 0.016667 0.032407
0 0.030339 0.556481 0.060156 0.120370
0 0.005859 0.396296 0.011198 0.043519
