0 0.245573 0.751620 0.125521 0.141204
0 0.280469 0.838889 0.045833 0.046296
0 0.366146 0.604861 0.096354 0.107870
0 0.558594 0.530787 0.019792 0.019907
0 0.621094 0.576620 0.111458 0.163426
0 0.737370 0.735648 0.019531 0.027778
0 0.702995 0.887500 0.033073 0.048148
0 0.094531 0.090509 0.083333 0.091204
0 0.915495 0.454630 0.031510 0.023148
0 0.949479 0.538194 0.029687 0.026389
0 0.996094 0.610417 0.007812 0.039352
0 0.972266 0.613194 0.040885 0.050463
0 0.944531 0.624306 0.013021 0.021759
0 0.958464 0.696759 0.067448 0.103704
