0 0.161328 0.417593 0.107552 0.143519
0 0.051693 0.421759 0.102865 0.176852
0 0.105078 0.632639 0.029948 0.044907
0 0.146094 0.665509 0.042188 0.042130
0 0.052604 0.708796 0.092708 0.118519
0 0.046875 0.868750 0.038542 0.054167
0 0.007943 0.856250 0.015365 0.039352
0 0.141146 0.977778 0.084896 0.044444
0 0.212240 0.981944 0.043750 0.036111
0 0.202604 0.937500 0.021354 0.020370
0 0.198047 0.854398 0.064323 0.068981
0 0.268620 0.823611 0.111719 0.162963
0 0.365104 0.843981 0.014063 0.012963
0 0.352865 0.936343 0.207813 0.127315
0 0.299089 0.988426 0.041406 0.023148
0 0.494661 0.990046 0.026302 0.019907
0 0.480599 0.963889 0.049740 0.046296
0 0.494661 0.932176 0.017448 0.018981
0 0.528646 0.906250 0.134375 0.187500
0 0.679688 0.971528 0.125521 0.056944
0 0.609766 0.909028 0.078906 0.090278
0 0.616667 0.845602 0.047917 0.072685
0 0.554297 0.712037 0.119531 0.089815
0 0.573307 0.782176 0.058594 0.074537
0 0.462109 0.721296 0.070573 0.074074
0 0.441016 0.781250 0.038281 0.034722
0 0.458724 0.594444 0.193490 0.216667
0 0.300521 0.647222 0.086979 0.076852
0 0.343620 0.482639 0.099740 0.095833
0 0.435417 0.322222 0.044271 0.062963
0 0.611979 0.290972 0.157292 0.148611
0 0.672526 0.535648 0.080990 0.071296
0 0.758984 0.501157 0.061719 0.075463
0 0.800260 0.535185 0.050521 0.037037
0 0.828906 0.611574 0.092188 0.125000
0 0.916016 0.675000 0.094010 0.103704
0 0.929036 0.551852 0.078906 0.104630
0 0.973307 0.531944 0.053385 0.072222
0 0.969792 0.750000 0.060417 0.146296
0 0.825130 0.903241 0.203385 0.147222
0 0.962891 0.925463 0.074219 0.132407
0 0.701693 0.693981 0.267969 0.283333
0 0.719010 0.408333 0.180729 0.171296
0 0.565365 0.440509 0.128646 0.121759
0 0.601172 0.506944 0.094010 0.085185
0 0.765885 0.186574 0.139063 0.162037
0 0.888542 0.047917 0.089063 0.093056
0 0.954557 0.219213 0.050260 0.050463
0 0.885807 0.320833 0.067969 0.095370
0 0.583333 0.055093 0.088021 0.105556
0 0.510677 0.009028 0.054688 0.015278
0 0.444010 0.148380 0.038542 0.041204
