0 0.149870 0.828472 0.090885 0.088426
0 0.293099 0.846296 0.025781 0.027778
0 0.302604 0.834954 0.008854 0.013426
0 0.175911 0.966667 0.028385 0.030556
0 0.077344 0.250926 0.064583 0.066667
0 0.152214 0.301620 0.101302 0.088426
0 0.279687 0.400694 0.062500 0.049537
0 0.103125 0.366898 0.045833 0.027315
0 0.389844 0.123843 0.023438 0.030093
0 0.409766 0.127315 0.007552 0.017593
0 0.438021 0.126620 0.008854 0.013426
0 0.426563 0.197917 0.031771 0.043056
0 0.495182 0.238889 0.039844 0.053704
0 0.483073 0.314352 0.031771 0.046296
0 0.566406 0.361806 0.046875 0.052315
0 0.607552 0.123843 0.049479 0.086574
0 0.616016 0.215278 0.009635 0.023148
0 0.604557 0.211806 0.010156 0.018056
0 0.700651 0.697454 0.020573 0.025463
0 0.692318 0.428935 0.030990 0.031019
0 0.644271 0.529630 0.010417 0.014815
0 0.681120 0.511574 0.007552 0.012963
0 0.765885 0.151620 0.043750 0.034722
0 0.722917 0.073148 0.012500 0.016667
0 0.827734 0.092824 0.025781 0.031019
0 0.880859 0.227083 0.014844 0.021759
0 0.922396 0.058333 0.031250 0.034259
0 0.942839 0.087500 0.048177 0.034259
0 0.744401 0.077778 0.023177 0.025000
0 0.983203 0.074306 0.017969 0.043056
0 0.880078 0.788889 0.020052 0.016667
