0 0.306380 0.661343 0.124219 0.129167
0 0.171354 0.851620 0.039062 0.040278
0 0.587760 0.952778 0.169792 0.094444
0 0.728125 0.469444 0.035417 0.028704
0 0.604297 0.340046 0.023698 0.030093
0 0.424870 0.401620 0.034115 0.023611
0 0.220182 0.281713 0.037240 0.052315
0 0.180078 0.048611 0.133073 0.096296
0 0.487109 0.126620 0.031510 0.031019
0 0.723047 0.163426 0.053906 0.049074
0 0.549349 0.012731 0.046615 0.024537
0 0.605208 0.056481 0.059896 0.074074
0 0.604036 0.017130 0.059115 0.030556
0 0.656510 0.082176 0.035417 0.043056
0 0.986458 0.227546 0.027083 0.047685
0 0.976693 0.697917 0.023177 0.025463
