0 0.898958 0.162963 0.059375 0.097222
0 0.891276 0.219676 0.014844 0.033796
0 0.761198 0.525926 0.028125 0.029630
0 0.720703 0.564583 0.079427 0.051389
0 0.649219 0.482870 0.026042 0.028704
0 0.607292 0.708333 0.014583 0.032407
0 0.509635 0.759722 0.009896 0.016667
0 0.523698 0.745139 0.012500 0.021759
0 0.536068 0.743981 0.005990 0.006481
0 0.541016 0.653472 0.114844 0.094907
0 0.569922 0.704630 0.015885 0.022222
0 0.511328 0.544676 0.098177 0.100463
0 0.414974 0.886806 0.064844 0.066204
0 0.363542 0.896759 0.010417 0.010185
0 0.330859 0.929398 0.048698 0.042130
0 0.284115 0.953704 0.006250 0.010185
0 0.165495 0.978704 0.021094 0.021296
0 0.196094 0.985648 0.016667 0.014815
0 0.188281 0.993519 0.008333 0.012963
0 0.225911 0.996065 0.007031 0.007870
0 0.224349 0.946065 0.005469 0.006019
0 0.208854 0.983102 0.005729 0.008796
0 0.232422 0.981250 0.013281 0.013426
0 0.572656 0.508102 0.018750 0.023611
