0 0.970182 0.517593 0.059635 0.146296
0 0.968229 0.389120 0.063542 0.079167
0 0.905208 0.412500 0.036979 0.036111
0 0.872786 0.464120 0.033073 0.045833
0 0.837240 0.396991 0.040625 0.027315
0 0.801562 0.375926 0.013542 0.015741
0 0.934115 0.262269 0.131771 0.174537
0 0.830339 0.159028 0.050260 0.046759
0 0.861458 0.185648 0.016667 0.029630
0 0.802604 0.100463 0.052083 0.043519
0 0.873698 0.107176 0.058333 0.074537
0 0.886849 0.071528 0.016927 0.025463
0 0.895052 0.051389 0.165625 0.099074
0 0.782161 0.031481 0.077344 0.062037
0 0.636979 0.040741 0.101562 0.077778
0 0.250130 0.067593 0.013802 0.015741
0 0.391797 0.025694 0.069010 0.050463
0 0.491146 0.043981 0.062500 0.046296
