0 0.583724 0.875463 0.186198 0.121296
0 0.889062 0.907639 0.057292 0.074537
0 0.975651 0.742824 0.048698 0.126389
0 0.683464 0.273611 0.034635 0.038889
0 0.708203 0.203241 0.021615 0.034259
0 0.872396 0.236343 0.255208 0.229167
0 0.320052 0.592593 0.022917 0.020370
0 0.097396 0.768056 0.061458 0.087963
0 0.055469 0.632176 0.093229 0.196759
0 0.165365 0.983102 0.060937 0.033796
0 0.058073 0.943287 0.058854 0.072685
0 0.006771 0.973611 0.006771 0.011111
0 0.135677 0.305787 0.102604 0.104167
0 0.021615 0.449537 0.042188 0.077778
0 0.170573 0.164120 0.101562 0.115278
0 0.110417 0.087963 0.117188 0.087963
0 0.030339 0.168287 0.058594 0.094907
