0 0.418229 0.231019 0.069792 0.087037
0 0.363411 0.480324 0.110677 0.108796
0 0.402344 0.666898 0.121875 0.116204
0 0.281380 0.720833 0.016927 0.031481
0 0.455990 0.879398 0.133854 0.095833
0 0.523307 0.873380 0.034115 0.042130
0 0.551302 0.868981 0.023438 0.030556
0 0.513672 0.956713 0.092969 0.070833
0 0.389714 0.913657 0.045573 0.053241
0 0.326693 0.939815 0.098177 0.084259
0 0.280339 0.892593 0.025781 0.023148
0 0.302995 0.864352 0.009635 0.013889
0 0.445443 0.989815 0.064323 0.020370
0 0.645052 0.721759 0.098958 0.139815
0 0.755339 0.760185 0.099219 0.065741
0 0.693359 0.671528 0.022656 0.027315
0 0.706641 0.518519 0.164844 0.126852
0 0.815104 0.601852 0.092708 0.067593
0 0.864323 0.431944 0.130208 0.212963
0 0.785026 0.296759 0.021615 0.025926
0 0.939453 0.531944 0.016927 0.027778
0 0.858594 0.961111 0.082812 0.077778
0 0.825391 0.920602 0.052344 0.059722
0 0.855469 0.855093 0.013542 0.027778
0 0.729297 0.965046 0.159115 0.069907
0 0.969792 0.936574 0.034896 0.053704
0 0.992708 0.990972 0.014583 0.018056
0 0.835807 0.179630 0.043490 0.071296
0 0.727344 0.175231 0.030729 0.028241
0 0.902995 0.085185 0.031510 0.049074
0 0.939323 0.019676 0.050000 0.038426
0 0.236328 0.021528 0.084635 0.040278
0 0.131641 0.603472 0.024740 0.029167
0 0.030339 0.589583 0.020573 0.024537
0 0.011589 0.596296 0.015365 0.030556
0 0.011719 0.652546 0.022396 0.050463
0 0.256250 0.437731 0.023958 0.026389
