0 0.279818 0.650463 0.085156 0.110185
0 0.308594 0.807639 0.233854 0.218056
0 0.118229 0.868981 0.019271 0.020370
0 0.027995 0.972685 0.045052 0.054630
0 0.109766 0.379167 0.219010 0.239815
0 0.235807 0.375694 0.033594 0.063426
0 0.020833 0.057407 0.041146 0.113889
0 0.356380 0.245602 0.221094 0.281019
0 0.290625 0.114352 0.033854 0.043519
0 0.518620 0.431944 0.021615 0.025000
0 0.664453 0.561111 0.137240 0.156481
0 0.780859 0.460417 0.070573 0.094907
0 0.875651 0.582639 0.058594 0.087500
0 0.812630 0.714583 0.080469 0.168981
0 0.766406 0.721759 0.015104 0.028704
0 0.726823 0.746991 0.080208 0.085648
0 0.654297 0.850926 0.176823 0.119444
0 0.782422 0.867361 0.050781 0.046759
0 0.889714 0.921296 0.169010 0.157407
0 0.782943 0.977315 0.044010 0.045370
0 0.528125 0.874769 0.065104 0.076389
0 0.496484 0.966204 0.083073 0.067593
0 0.721094 0.133796 0.029167 0.037963
0 0.792057 0.233565 0.169531 0.223611
0 0.919271 0.431250 0.072917 0.066204
0 0.990365 0.338194 0.019271 0.054167
0 0.972135 0.144676 0.055729 0.078241
0 0.962630 0.610417 0.074740 0.157870
0 0.981250 0.734491 0.028125 0.036574
0 0.961458 0.021759 0.025000 0.042593
