0 0.457813 0.724537 0.280729 0.229630
0 0.613281 0.439120 0.020313 0.047685
0 0.533984 0.454861 0.019531 0.025463
0 0.370443 0.862731 0.102344 0.064352
0 0.427214 0.864120 0.016927 0.025463
0 0.463151 0.904630 0.029948 0.036111
0 0.500130 0.949769 0.059115 0.050463
0 0.494531 0.985417 0.016146 0.017130
0 0.407031 0.956019 0.115104 0.087963
0 0.662109 0.953009 0.205469 0.093981
0 0.778646 0.812037 0.019271 0.019444
0 0.949349 0.927546 0.101302 0.144907
0 0.871484 0.375231 0.142448 0.123611
0 0.871094 0.076852 0.102083 0.065741
0 0.861068 0.015046 0.022135 0.018056
0 0.816536 0.017361 0.063802 0.033796
0 0.671354 0.011806 0.040104 0.022685
0 0.571484 0.012500 0.029948 0.023148
0 0.455729 0.198148 0.093750 0.086111
0 0.344271 0.287500 0.209896 0.203704
0 0.152214 0.439583 0.116927 0.132870
0 0.025781 0.418519 0.051042 0.122222
0 0.127474 0.221065 0.112240 0.111574
0 0.151172 0.048843 0.020052 0.041204
0 0.157552 0.073148 0.013542 0.014815
0 0.216536 0.876620 0.199219 0.165278
0 0.034896 0.946296 0.068750 0.107407
0 0.131510 0.692824 0.013542 0.012500
0 0.033724 0.703935 0.066406 0.180093
