0 0.218099 0.693981 0.013802 0.022222
0 0.193880 0.761806 0.122656 0.118056
0 0.279427 0.715509 0.005208 0.008796
0 0.172005 0.825000 0.012760 0.010185
0 0.098047 0.819907 0.115885 0.157407
0 0.071615 0.889120 0.035417 0.041204
0 0.095052 0.902083 0.018229 0.015278
0 0.026432 0.862500 0.052344 0.070370
0 0.048828 0.976157 0.097135 0.047685
0 0.106250 0.975694 0.011979 0.019907
0 0.161979 0.977315 0.024479 0.023148
0 0.195833 0.949306 0.007292 0.009722
0 0.242969 0.953472 0.092708 0.093056
0 0.342578 0.969213 0.071615 0.061574
0 0.385547 0.941204 0.018490 0.022222
0 0.368620 0.939583 0.008594 0.016204
0 0.360286 0.927315 0.009635 0.018519
0 0.379688 0.846991 0.006771 0.010648
0 0.385417 0.846991 0.006771 0.011574
0 0.469271 0.830787 0.115104 0.198611
0 0.537760 0.803472 0.039583 0.047685
0 0.533984 0.871065 0.058594 0.043056
0 0.519792 0.887500 0.025000 0.020370
0 0.491406 0.950694 0.152604 0.098611
0 0.547005 0.917361 0.016927 0.017130
0 0.637760 0.883333 0.161458 0.133333
0 0.634896 0.937963 0.027604 0.044444
0 0.616016 0.926157 0.008073 0.008796
0 0.732161 0.947454 0.120052 0.105093
0 0.701693 0.752315 0.035677 0.034259
0 0.900260 0.696759 0.047917 0.067593
0 0.935286 0.701157 0.022656 0.022685
0 0.937370 0.615972 0.125260 0.144907
0 0.815495 0.619907 0.014323 0.015741
0 0.760938 0.656713 0.064062 0.075463
0 0.745443 0.533333 0.012760 0.013889
0 0.101302 0.597222 0.051042 0.105556
0 0.031250 0.560417 0.060937 0.106019
0 0.345964 0.708565 0.071615 0.078241
0 0.375521 0.364815 0.108854 0.088889
0 0.514062 0.315972 0.122396 0.087500
0 0.653906 0.345833 0.076042 0.112963
0 0.182422 0.424537 0.019010 0.028704
0 0.211328 0.151620 0.196094 0.141204
0 0.317708 0.161111 0.018750 0.036111
0 0.548568 0.148148 0.063281 0.074074
0 0.873177 0.174769 0.185938 0.138426
