0 0.195703 0.678704 0.046615 0.062963
0 0.126302 0.787731 0.013021 0.015278
0 0.118880 0.558333 0.017448 0.023148
0 0.197917 0.471065 0.052604 0.059722
0 0.496094 0.315278 0.076563 0.074074
0 0.397396 0.412269 0.008333 0.014352
0 0.407813 0.189815 0.027604 0.021296
0 0.315365 0.665509 0.010417 0.014352
0 0.360026 0.776852 0.022135 0.018519
0 0.414714 0.761574 0.013281 0.012037
0 0.532943 0.771528 0.022656 0.033796
0 0.481120 0.815278 0.017969 0.030556
0 0.651953 0.769907 0.046615 0.065741
0 0.644141 0.695833 0.020573 0.014815
0 0.620182 0.797685 0.022135 0.025000
0 0.538151 0.595370 0.012240 0.011111
0 0.565104 0.946759 0.032813 0.033333
0 0.458594 0.980556 0.016146 0.018519
0 0.765885 0.890972 0.022917 0.031019
0 0.763281 0.806713 0.040625 0.066204
0 0.752474 0.828935 0.013802 0.017130
0 0.814844 0.818981 0.035417 0.026852
0 0.906641 0.821065 0.033073 0.037500
0 0.808464 0.562731 0.036719 0.053241
0 0.943880 0.401852 0.022135 0.025000
0 0.991667 0.442593 0.016667 0.038889
0 0.785677 0.332639 0.013021 0.014352
0 0.829167 0.307407 0.014583 0.015741
0 0.777995 0.162037 0.019010 0.017593
0 0.703125 0.074537 0.020313 0.030556
0 0.664974 0.056944 0.035677 0.034259
0 0.853646 0.012037 0.041146 0.021296
