0 0.649479 0.195833 0.109896 0.137037
0 0.577214 0.296065 0.025781 0.024537
0 0.323177 0.242130 0.102604 0.100926
0 0.106250 0.253472 0.052604 0.083796
0 0.085677 0.024306 0.085938 0.047685
0 0.350911 0.015278 0.069010 0.029630
0 0.747005 0.019213 0.073177 0.035648
0 0.866016 0.174306 0.267969 0.330093
0 0.965234 0.391204 0.050781 0.086111
0 0.872396 0.452546 0.056771 0.056019
0 0.876953 0.948148 0.039323 0.039815
0 0.991146 0.764583 0.014063 0.023611
0 0.754427 0.934954 0.021354 0.018056
0 0.616276 0.880324 0.024740 0.031019
0 0.691276 0.958333 0.010677 0.014815
0 0.269141 0.970833 0.125781 0.058333
0 0.367318 0.950463 0.017969 0.024074
0 0.363021 0.977546 0.014063 0.017130
0 0.650911 0.879167 0.005990 0.010185
0 0.575130 0.921528 0.009115 0.017130
0 0.127865 0.678704 0.051042 0.046296
