0 0.210677 0.296528 0.021875 0.019907
0 0.244922 0.376620 0.028385 0.026389
0 0.375130 0.337037 0.022135 0.020370
0 0.390755 0.438194 0.051302 0.053241
0 0.453776 0.421528 0.023698 0.025463
0 0.316927 0.575000 0.072917 0.120370
0 0.195312 0.820602 0.148438 0.146759
0 0.282031 0.905093 0.009375 0.014815
0 0.076693 0.799074 0.054427 0.075926
0 0.241146 0.962037 0.128125 0.075926
0 0.438281 0.833796 0.024479 0.032407
0 0.527214 0.879398 0.039844 0.072685
0 0.676953 0.886806 0.038281 0.039352
0 0.257812 0.084491 0.011979 0.015278
0 0.541797 0.199769 0.078906 0.131019
0 0.505208 0.061111 0.020833 0.030556
0 0.585938 0.033565 0.097396 0.066204
0 0.680078 0.436111 0.029427 0.034259
0 0.709115 0.345602 0.019792 0.024537
0 0.668099 0.270139 0.007552 0.015278
0 0.905990 0.345833 0.079687 0.096296
0 0.864714 0.291435 0.017969 0.018981
0 0.800130 0.279398 0.092969 0.081019
0 0.935417 0.216204 0.036979 0.039815
0 0.973568 0.161343 0.027865 0.022685
0 0.861198 0.163426 0.031771 0.038889
0 0.988672 0.705324 0.022656 0.059722
0 0.921224 0.066667 0.019531 0.023148
0 0.829818 0.205556 0.040365 0.034259
