0 0.572266 0.087963 0.111198 0.114815
0 0.683203 0.455324 0.051302 0.060648
0 0.910677 0.218287 0.159375 0.202315
0 0.976042 0.348611 0.047917 0.036111
0 0.956380 0.027546 0.087240 0.054167
0 0.962370 0.921296 0.031510 0.025000
0 0.974089 0.864583 0.051823 0.045833
0 0.899870 0.610185 0.014844 0.034259
0 0.344922 0.675000 0.083073 0.076852
0 0.520833 0.693519 0.958333 0.612963
0 0.439844 0.695602 0.142708 0.071759
0 0.634375 0.699306 0.060937 0.048611
0 0.654948 0.659259 0.027083 0.025926
0 0.244922 0.744213 0.040885 0.061574
0 0.305469 0.611574 0.054167 0.049074
0 0.286979 0.539583 0.115625 0.074537
0 0.206120 0.595370 0.108073 0.062963
0 0.201432 0.631944 0.015365 0.018519
0 0.143750 0.587963 0.028646 0.048148
0 0.147917 0.653472 0.055729 0.041204
0 0.198437 0.699537 0.023958 0.029630
0 0.090755 0.661574 0.164844 0.207407
0 0.069531 0.446065 0.137500 0.196759
0 0.117448 0.317593 0.034375 0.024074
0 0.352604 0.366435 0.042708 0.060648
0 0.139193 0.393056 0.026823 0.038889
0 0.037109 0.850000 0.049740 0.047222
0 0.111979 0.924074 0.013021 0.015741
0 0.032943 0.880787 0.025260 0.031019
0 0.007943 0.899769 0.015365 0.037500
0 0.019141 0.983565 0.037760 0.032870
0 0.067839 0.962037 0.020573 0.034259
0 0.149089 0.953009 0.027865 0.031019
0 0.220312 0.240972 0.122917 0.106944
0 0.192057 0.071065 0.265365 0.141204
0 0.043229 0.327083 0.059896 0.042130
