0 0.134115 0.946528 0.118229 0.104167
0 0.151042 0.828472 0.011979 0.010648
0 0.174479 0.880556 0.030208 0.042593
0 0.247786 0.914583 0.020052 0.022685
0 0.214974 0.924537 0.005469 0.012037
0 0.274479 0.851157 0.182812 0.140278
0 0.375911 0.977778 0.041927 0.044444
0 0.439974 0.965741 0.062240 0.068519
0 0.832292 0.902315 0.043750 0.055556
0 0.863542 0.857639 0.028646 0.030093
0 0.901432 0.799769 0.056510 0.060648
0 0.958854 0.857870 0.033333 0.055556
0 0.945964 0.791435 0.023177 0.027315
0 0.972526 0.800000 0.011198 0.015741
0 0.350521 0.681713 0.018750 0.025463
0 0.420964 0.674537 0.174219 0.216667
0 0.515495 0.634028 0.042969 0.047685
0 0.494141 0.577315 0.054948 0.078704
0 0.468359 0.561574 0.017448 0.026852
0 0.437630 0.562037 0.029948 0.048148
0 0.120964 0.690278 0.131510 0.178704
0 0.032682 0.682639 0.063802 0.143056
0 0.194401 0.376620 0.059635 0.067130
0 0.222396 0.429398 0.035937 0.031944
0 0.218099 0.455556 0.032552 0.026852
0 0.276562 0.456250 0.054688 0.074537
0 0.255078 0.494213 0.040885 0.062500
0 0.744922 0.582407 0.510156 0.527778
0 0.945182 0.690509 0.035677 0.056944
0 0.906510 0.322685 0.026562 0.039815
0 0.980208 0.352315 0.039583 0.059259
0 0.500651 0.314120 0.998698 0.619907
