0 0.721615 0.891898 0.363021 0.216204
0 0.640495 0.787269 0.016927 0.035648
0 0.601432 0.817593 0.012240 0.025926
0 0.522656 0.856944 0.060937 0.050926
0 0.849870 0.746065 0.059635 0.056944
0 0.748958 0.735185 0.085938 0.111111
0 0.825130 0.678704 0.009635 0.012963
0 0.820052 0.684259 0.004687 0.010185
0 0.722917 0.585417 0.024479 0.031944
0 0.808854 0.550463 0.110937 0.098148
0 0.957682 0.770602 0.084635 0.207870
0 0.944401 0.906713 0.022656 0.052315
0 0.896745 0.286111 0.022135 0.025000
0 0.936719 0.273611 0.007292 0.014815
0 0.917057 0.279398 0.008594 0.015278
0 0.913542 0.156250 0.172396 0.128241
0 0.993750 0.050231 0.012500 0.029167
0 0.993359 0.079630 0.013281 0.015741
0 0.938932 0.008565 0.047135 0.016204
0 0.770573 0.209028 0.073958 0.077315
0 0.660026 0.143287 0.290885 0.285648
0 0.695443 0.324537 0.053906 0.037037
0 0.717708 0.393287 0.090104 0.100463
0 0.632943 0.438889 0.058594 0.046296
0 0.568099 0.450000 0.010677 0.019444
0 0.494531 0.411574 0.101042 0.036111
0 0.412240 0.515509 0.073438 0.073611
0 0.489453 0.639583 0.341406 0.340278
0 0.301823 0.714583 0.015625 0.015278
0 0.405990 0.971528 0.047917 0.056944
0 0.446875 0.856019 0.010937 0.019444
0 0.218490 0.741667 0.103125 0.075926
0 0.217839 0.669444 0.038802 0.029630
0 0.237630 0.171065 0.170573 0.137500
0 0.041276 0.166435 0.071094 0.061574
0 0.092969 0.304167 0.078125 0.125000
0 0.048958 0.524074 0.063542 0.070370
0 0.063932 0.669907 0.127344 0.237037
0 0.197656 0.932870 0.321875 0.134259
0 0.216016 0.895370 0.015885 0.026852
0 0.307682 0.936574 0.019531 0.018519
0 0.293099 0.925926 0.011198 0.018519
0 0.321094 0.914120 0.032292 0.031944
0 0.461979 0.300463 0.013021 0.017593
