0 0.388932 0.662269 0.148177 0.235648
0 0.324740 0.756250 0.016146 0.027315
0 0.391406 0.962037 0.076042 0.075926
0 0.345052 0.890972 0.150521 0.218056
0 0.216536 0.972454 0.064323 0.055093
0 0.160807 0.960880 0.026823 0.037500
0 0.044401 0.984491 0.027865 0.031019
0 0.073438 0.990278 0.030208 0.019444
0 0.017708 0.974537 0.034896 0.050926
0 0.069922 0.914815 0.139323 0.170370
0 0.039062 0.790278 0.077604 0.100926
0 0.173047 0.896296 0.090885 0.100926
0 0.159245 0.762500 0.317969 0.242593
0 0.174609 0.644213 0.033073 0.049537
0 0.251953 0.687963 0.009635 0.017593
0 0.020182 0.613426 0.038281 0.064815
0 0.063281 0.495602 0.109896 0.073611
0 0.038151 0.455324 0.022135 0.034722
0 0.013672 0.414352 0.025260 0.037963
0 0.267708 0.586574 0.169271 0.151852
0 0.301823 0.417593 0.082292 0.133333
0 0.379557 0.351389 0.055990 0.079630
0 0.258464 0.344213 0.033073 0.031019
0 0.292057 0.249537 0.104427 0.207407
0 0.307552 0.058565 0.042708 0.043981
0 0.304167 0.099074 0.015104 0.016667
0 0.280208 0.010648 0.028646 0.020370
0 0.230729 0.065278 0.079167 0.081481
0 0.151432 0.038426 0.031510 0.040741
0 0.125260 0.293287 0.204687 0.332870
0 0.064323 0.064120 0.127604 0.125463
0 0.018099 0.214815 0.035677 0.158333
