0 0.987109 0.842824 0.025781 0.033796
0 0.834375 0.856944 0.165625 0.178704
0 0.857031 0.712731 0.144271 0.091204
0 0.739974 0.794444 0.020573 0.019444
0 0.650911 0.764583 0.019531 0.021759
0 0.512109 0.824769 0.195573 0.125463
0 0.510547 0.977546 0.104427 0.044907
0 0.357552 0.928009 0.166146 0.105093
0 0.287630 0.796065 0.054427 0.070833
0 0.250911 0.934722 0.019531 0.023148
0 0.204948 0.915046 0.017188 0.026389
0 0.205339 0.869213 0.006510 0.011574
0 0.196745 0.763889 0.077344 0.046296
0 0.238411 0.690046 0.021615 0.030093
0 0.587760 0.382639 0.165625 0.176389
0 0.656250 0.206713 0.134375 0.111574
0 0.667969 0.079861 0.015104 0.020833
0 0.726562 0.010185 0.026042 0.019444
0 0.763021 0.030093 0.015104 0.032407
0 0.881380 0.154861 0.036719 0.060648
0 0.430599 0.459722 0.046615 0.037037
0 0.354687 0.496065 0.076563 0.072685
0 0.136458 0.651157 0.069792 0.065278
0 0.038542 0.535880 0.027604 0.028241
0 0.038151 0.765278 0.075781 0.114815
0 0.058073 0.925926 0.115625 0.100000
0 0.025781 0.989120 0.040104 0.021759
0 0.056771 0.991435 0.015104 0.017130
0 0.079297 0.315509 0.102865 0.081019
0 0.151823 0.223148 0.077083 0.085185
0 0.041016 0.186343 0.081510 0.203241
0 0.354948 0.063194 0.224479 0.125463
