0 0.009896 0.324769 0.018750 0.038426
0 0.207813 0.359491 0.093750 0.086574
0 0.512760 0.450231 0.024479 0.025463
0 0.419661 0.521759 0.042448 0.041667
0 0.484115 0.609491 0.078646 0.076389
0 0.452734 0.198843 0.048177 0.048611
0 0.586979 0.155787 0.026562 0.031019
0 0.632812 0.240972 0.026042 0.030093
0 0.709245 0.371065 0.098698 0.101389
0 0.802604 0.387500 0.064583 0.093519
0 0.785547 0.474074 0.022135 0.024074
0 0.900651 0.280787 0.044531 0.061574
0 0.959635 0.385417 0.028125 0.028241
0 0.993099 0.395833 0.013802 0.022222
0 0.973177 0.721759 0.033333 0.082407
