0 0.765625 0.798380 0.243750 0.228241
0 0.959505 0.868287 0.075781 0.069907
0 0.922005 0.578935 0.092969 0.058796
0 0.975260 0.516204 0.031250 0.030556
0 0.592708 0.829861 0.054688 0.057870
0 0.564583 0.861343 0.011458 0.015278
0 0.434245 0.390509 0.181510 0.235648
0 0.548958 0.283565 0.071875 0.063426
0 0.968880 0.346065 0.059635 0.070833
0 0.121875 0.840278 0.058854 0.058333
0 0.409115 0.991667 0.026562 0.016667
0 0.325130 0.951852 0.011719 0.018519
0 0.201693 0.319676 0.110677 0.118981
0 0.134375 0.354398 0.042708 0.050463
0 0.059245 0.455324 0.073177 0.109722
