0 0.784375 0.781944 0.086979 0.107407
0 0.727604 0.614583 0.035937 0.069907
0 0.698307 0.646296 0.017448 0.025926
0 0.783594 0.587500 0.023438 0.029630
0 0.831771 0.568519 0.027083 0.044444
0 0.800911 0.538426 0.013281 0.016667
0 0.957682 0.581944 0.041406 0.033333
0 0.935026 0.699074 0.027865 0.034259
0 0.907943 0.698148 0.025781 0.036111
0 0.940104 0.764815 0.119792 0.221296
0 0.982422 0.889815 0.024219 0.024074
0 0.763281 0.908796 0.047396 0.051852
0 0.828125 0.922685 0.109375 0.077778
0 0.963021 0.969213 0.057292 0.061574
0 0.803516 0.987963 0.050781 0.024074
0 0.693620 0.991667 0.026302 0.016667
