0 0.836849 0.366204 0.089323 0.062037
0 0.732422 0.404630 0.043490 0.037963
0 0.828776 0.463194 0.013802 0.021759
0 0.963932 0.411111 0.067448 0.044444
0 0.668620 0.519213 0.097135 0.089352
0 0.834635 0.559491 0.320312 0.315278
0 0.686719 0.660185 0.024479 0.019444
0 0.697135 0.569213 0.015104 0.026389
0 0.858724 0.575926 0.026302 0.040741
0 0.841276 0.578241 0.015885 0.016667
0 0.580599 0.607639 0.027344 0.031019
0 0.521224 0.603009 0.015885 0.018056
0 0.454297 0.593750 0.008594 0.011574
0 0.425391 0.601157 0.030469 0.040278
0 0.362630 0.527315 0.073177 0.044444
0 0.364844 0.621991 0.056250 0.039352
0 0.302474 0.610185 0.011198 0.011111
0 0.310807 0.604398 0.007031 0.006944
0 0.234375 0.311111 0.031771 0.029630
0 0.272396 0.276620 0.020833 0.017130
0 0.543099 0.362963 0.021615 0.017593
0 0.547526 0.419213 0.012240 0.021759
0 0.658724 0.032870 0.146615 0.064815
0 0.543099 0.029630 0.013281 0.014815
0 0.968229 0.014120 0.063542 0.025463
