0 0.827865 0.166435 0.023438 0.028241
0 0.782422 0.191204 0.045052 0.060185
0 0.869010 0.407870 0.236979 0.392593
0 0.984766 0.313426 0.030469 0.091667
0 0.596224 0.423148 0.019531 0.025926
0 0.652214 0.616204 0.168490 0.142593
0 0.589714 0.796991 0.389844 0.322685
0 0.617839 0.963426 0.105990 0.073148
0 0.446615 0.967593 0.176042 0.064815
0 0.336458 0.608565 0.135937 0.158796
0 0.265234 0.339815 0.011719 0.016667
0 0.289453 0.334491 0.007552 0.008796
0 0.366536 0.060417 0.026823 0.028241
0 0.117578 0.662731 0.234635 0.435648
