0 0.240365 0.736111 0.154167 0.106481
0 0.386849 0.898380 0.109635 0.110648
0 0.219531 0.986111 0.061458 0.027778
0 0.167839 0.989583 0.038802 0.020833
0 0.624609 0.840046 0.106510 0.122685
0 0.974740 0.960880 0.050521 0.078241
0 0.867057 0.453704 0.086198 0.215741
0 0.760807 0.410880 0.164323 0.229167
0 0.807161 0.218519 0.186719 0.203704
0 0.298828 0.127315 0.022135 0.032407
0 0.216276 0.022454 0.044531 0.043056
0 0.178125 0.006019 0.025000 0.011111
0 0.119271 0.059259 0.107813 0.117593
0 0.009505 0.149074 0.018490 0.056481
