0 0.575130 0.622917 0.082031 0.079167
0 0.663151 0.606481 0.024740 0.029630
0 0.591927 0.683333 0.009896 0.017593
0 0.715234 0.828009 0.066927 0.056944
0 0.373177 0.813889 0.123958 0.171296
0 0.511458 0.981481 0.060417 0.037037
0 0.909896 0.802778 0.095312 0.125926
0 0.982943 0.759954 0.034115 0.104167
0 0.830599 0.489120 0.079948 0.057870
0 0.887240 0.609722 0.027083 0.020370
0 0.583203 0.353704 0.012760 0.017593
0 0.832161 0.316435 0.082031 0.116204
0 0.077995 0.836806 0.011719 0.011574
0 0.101172 0.835880 0.010156 0.008796
0 0.139323 0.531250 0.102083 0.127315
0 0.202865 0.413194 0.063542 0.092130
0 0.450130 0.216204 0.037760 0.032407
0 0.388802 0.009722 0.043229 0.018519
