0 0.568229 0.383333 0.096354 0.102778
0 0.180859 0.427546 0.048177 0.038426
0 0.160286 0.449769 0.014844 0.024537
0 0.109635 0.431481 0.093229 0.107407
0 0.152734 0.156713 0.053906 0.056944
0 0.121354 0.172917 0.035417 0.050463
0 0.530078 0.635648 0.134635 0.163889
0 0.608724 0.611806 0.023698 0.027315
0 0.652214 0.715972 0.114323 0.082870
0 0.628385 0.844213 0.095833 0.089352
0 0.508203 0.965509 0.130469 0.068981
0 0.779818 0.980556 0.104427 0.038889
0 0.855859 0.849074 0.192448 0.216667
0 0.888021 0.972685 0.106250 0.054630
0 0.771354 0.296296 0.094792 0.062037
0 0.802604 0.199537 0.041667 0.037037
0 0.669271 0.023611 0.066146 0.046296
0 0.749349 0.018750 0.066406 0.034722
