0 0.036068 0.419213 0.062760 0.081019
0 0.035026 0.247917 0.069531 0.067130
0 0.254557 0.120370 0.098698 0.142593
0 0.366927 0.253009 0.105208 0.118981
0 0.340104 0.714815 0.082812 0.060185
0 0.159766 0.782176 0.027344 0.032870
0 0.157682 0.846296 0.030469 0.031481
0 0.367057 0.927778 0.438802 0.144444
0 0.545443 0.951852 0.062240 0.052778
0 0.628776 0.893750 0.104948 0.085648
0 0.700391 0.771065 0.036719 0.060648
0 0.726432 0.729861 0.066927 0.064352
0 0.686979 0.700694 0.015104 0.024537
0 0.650000 0.504167 0.094271 0.053704
0 0.798177 0.101620 0.035937 0.043056
0 0.963542 0.439120 0.072917 0.118981
