0 0.384375 0.631944 0.157812 0.189815
0 0.389453 0.528009 0.021094 0.017130
0 0.320443 0.776620 0.126823 0.104167
0 0.254167 0.736574 0.013021 0.024074
0 0.203125 0.690046 0.085938 0.074537
0 0.170443 0.788657 0.005469 0.011574
0 0.144661 0.786574 0.004948 0.007407
0 0.150391 0.843056 0.023698 0.023148
0 0.042839 0.630787 0.018490 0.020833
0 0.090885 0.621991 0.040625 0.034722
0 0.083984 0.665741 0.064323 0.047222
0 0.047656 0.897917 0.037500 0.035648
0 0.080469 0.903472 0.022396 0.025463
0 0.019661 0.887037 0.012240 0.013889
0 0.353255 0.864583 0.197656 0.171759
0 0.451302 0.873148 0.010937 0.011111
0 0.523828 0.827083 0.007552 0.006944
0 0.554036 0.855787 0.037760 0.026389
0 0.595703 0.956481 0.017448 0.025000
0 0.639844 0.792130 0.016667 0.021296
0 0.631380 0.814815 0.010156 0.014815
0 0.661589 0.726157 0.028906 0.047685
0 0.641276 0.740046 0.009115 0.007870
0 0.629818 0.694444 0.005990 0.010185
0 0.646094 0.705556 0.006250 0.010185
0 0.152995 0.465972 0.064844 0.062500
0 0.398307 0.339815 0.060156 0.060185
0 0.487891 0.306713 0.045573 0.057870
0 0.482031 0.445370 0.018750 0.021296
0 0.929167 0.443981 0.029687 0.037963
0 0.835938 0.455556 0.012500 0.017593
0 0.833854 0.434028 0.015104 0.029167
0 0.798698 0.440741 0.028646 0.044444
0 0.835807 0.521528 0.019531 0.016204
0 0.881510 0.535417 0.076042 0.106019
0 0.935937 0.591898 0.041667 0.048611
0 0.805990 0.550694 0.064583 0.036574
0 0.806380 0.610880 0.055990 0.057870
0 0.861068 0.632870 0.033594 0.025000
0 0.744271 0.601157 0.036458 0.038426
0 0.802734 0.663194 0.021615 0.026389
0 0.827344 0.690509 0.009896 0.011574
0 0.836979 0.686111 0.009375 0.016667
0 0.983333 0.663657 0.026562 0.038426
0 0.966406 0.611806 0.013542 0.021759
0 0.858594 0.783565 0.092708 0.095833
0 0.813932 0.887269 0.028906 0.032870
0 0.834505 0.935185 0.051302 0.033333
0 0.868620 0.953241 0.027344 0.025926
0 0.995313 0.920139 0.009375 0.018981
0 0.715755 0.989583 0.042448 0.020833
0 0.756250 0.994213 0.014063 0.011574
