0 0.455859 0.481250 0.134635 0.181944
0 0.414323 0.574769 0.018229 0.034722
0 0.280469 0.466204 0.022917 0.028704
0 0.363542 0.405093 0.077604 0.072222
0 0.399870 0.279630 0.139323 0.135185
0 0.513281 0.181481 0.034375 0.041667
0 0.170703 0.446065 0.133594 0.108796
0 0.116016 0.511806 0.052865 0.091204
0 0.186198 0.613194 0.181771 0.143981
0 0.208464 0.660880 0.025260 0.025463
0 0.052995 0.720833 0.087240 0.118519
0 0.130339 0.852315 0.038802 0.048148
0 0.746615 0.586806 0.019271 0.019907
0 0.968620 0.570833 0.037240 0.072222
0 0.936979 0.446065 0.050000 0.057870
0 0.674219 0.256019 0.051042 0.082407
0 0.722266 0.378704 0.023698 0.032407
0 0.680859 0.136343 0.101302 0.127315
0 0.712500 0.065046 0.073958 0.090278
0 0.599219 0.060417 0.055729 0.083796
0 0.354297 0.130093 0.066406 0.056481
0 0.398698 0.139352 0.022396 0.026852
0 0.194531 0.130787 0.075521 0.071759
0 0.047396 0.130324 0.094271 0.150463
0 0.074089 0.043519 0.105469 0.086111
0 0.102604 0.091898 0.038542 0.030093
0 0.160938 0.024074 0.068750 0.047222
0 0.185807 0.051852 0.051302 0.032407
