0 0.353906 0.387963 0.247396 0.208333
0 0.183594 0.563657 0.202604 0.220833
0 0.329297 0.772685 0.112240 0.167593
0 0.261849 0.850926 0.107031 0.102778
0 0.199089 0.783102 0.026302 0.028241
0 0.371094 0.951157 0.112500 0.097685
0 0.041406 0.662963 0.075521 0.129630
0 0.092188 0.307176 0.140625 0.150463
0 0.007943 0.233796 0.015365 0.059259
0 0.636458 0.363657 0.064583 0.068056
0 0.718620 0.535417 0.023177 0.029167
0 0.832292 0.303472 0.088021 0.085648
0 0.892318 0.306019 0.035156 0.053704
0 0.545703 0.131019 0.247135 0.216667
0 0.456510 0.148843 0.059896 0.056944
0 0.669922 0.221296 0.035677 0.039815
0 0.816146 0.060417 0.055208 0.046759
0 0.801432 0.080093 0.042969 0.049074
0 0.331250 0.042130 0.104167 0.081481
0 0.257422 0.117824 0.105469 0.092130
0 0.098568 0.115278 0.049740 0.037963
