0 0.471615 0.799074 0.201563 0.355556
0 0.631380 0.905324 0.087760 0.090278
0 0.718099 0.953009 0.070573 0.044907
0 0.612240 0.981250 0.019271 0.026389
0 0.639714 0.991204 0.033073 0.017593
0 0.687500 0.835417 0.098437 0.065278
0 0.742057 0.823380 0.015365 0.038426
0 0.651563 0.760185 0.016146 0.042593
0 0.767448 0.691435 0.013542 0.013426
0 0.800391 0.896296 0.067969 0.120370
0 0.872656 0.876389 0.045312 0.031481
0 0.914323 0.977778 0.079687 0.044444
0 0.822917 0.765741 0.094792 0.115741
0 0.865234 0.711574 0.011198 0.019444
0 0.884115 0.646759 0.141667 0.125000
0 0.882031 0.541204 0.033333 0.073148
0 0.862630 0.542130 0.025781 0.021296
0 0.983073 0.548843 0.033854 0.044907
0 0.975130 0.505324 0.049740 0.049537
0 0.966797 0.461111 0.066406 0.042593
0 0.983984 0.428472 0.032031 0.039352
0 0.895703 0.400000 0.058073 0.075000
0 0.792188 0.510648 0.099479 0.073148
0 0.709375 0.553009 0.045833 0.060648
0 0.846875 0.327546 0.049479 0.081019
0 0.987500 0.337731 0.025000 0.058796
0 0.994922 0.281481 0.010156 0.033333
0 0.948958 0.286111 0.020833 0.022222
0 0.787500 0.215741 0.105729 0.088889
0 0.804297 0.333102 0.016406 0.022685
0 0.939193 0.099769 0.121615 0.196759
0 0.851562 0.106250 0.046354 0.085648
0 0.775130 0.121991 0.083073 0.100463
0 0.659766 0.074537 0.114844 0.088889
0 0.477995 0.314352 0.066927 0.056481
0 0.500521 0.482639 0.325521 0.381944
0 0.352865 0.565509 0.023958 0.027315
0 0.713281 0.373843 0.088542 0.094907
0 0.571224 0.213657 0.146615 0.109722
0 0.229427 0.443519 0.243750 0.214815
0 0.026302 0.523611 0.052083 0.066667
0 0.094010 0.693750 0.184375 0.239352
0 0.203385 0.735185 0.076563 0.073148
0 0.292448 0.984259 0.067708 0.031481
0 0.018099 0.972454 0.035677 0.055093
0 0.105990 0.303704 0.048958 0.052778
0 0.510938 0.088657 0.211979 0.164352
0 0.168620 0.027778 0.140365 0.051852
0 0.237109 0.167361 0.473177 0.312500
0 0.030208 0.035417 0.059896 0.069907
0 0.994141 0.745370 0.011719 0.027778
0 0.981901 0.977778 0.036198 0.044444
