0 0.155859 0.927778 0.129427 0.144444
0 0.137630 0.425694 0.041406 0.047685
0 0.441536 0.367130 0.039844 0.037963
0 0.291406 0.375231 0.020313 0.041204
0 0.367708 0.623611 0.020833 0.058333
0 0.341016 0.330556 0.086719 0.081481
0 0.199870 0.263426 0.227865 0.175000
0 0.330208 0.165278 0.088542 0.091667
0 0.450000 0.230787 0.192708 0.184722
0 0.381250 0.266667 0.139063 0.130556
0 0.571094 0.350463 0.135417 0.097222
0 0.591146 0.279861 0.061979 0.082870
0 0.615495 0.098843 0.020052 0.037500
0 0.658203 0.168519 0.098177 0.168519
0 0.717578 0.151157 0.033073 0.043981
0 0.762240 0.299769 0.036979 0.033796
0 0.804948 0.267593 0.025000 0.039815
0 0.791016 0.130556 0.053906 0.059259
0 0.820964 0.112269 0.339323 0.222685
0 0.214974 0.052083 0.194531 0.103241
0 0.036198 0.155556 0.071875 0.140741
0 0.033333 0.302546 0.066146 0.081019
0 0.012109 0.032407 0.023698 0.062037
0 0.019531 0.063889 0.008854 0.007407
0 0.027474 0.671528 0.054427 0.099537
0 0.022005 0.872454 0.043490 0.061574
0 0.430990 0.893981 0.046354 0.037037
