0 0.429818 0.647454 0.037240 0.068056
0 0.518490 0.961806 0.039583 0.042130
0 0.413802 0.926389 0.038542 0.032407
0 0.362370 0.900000 0.052865 0.070370
0 0.355078 0.989583 0.023177 0.020833
0 0.403125 0.890509 0.014583 0.034722
0 0.247526 0.843750 0.042969 0.059722
0 0.224479 0.857870 0.021354 0.021296
0 0.245964 0.766435 0.009635 0.011574
0 0.213672 0.806944 0.005469 0.008333
0 0.138932 0.823843 0.020052 0.029167
0 0.145052 0.850231 0.007812 0.012500
0 0.087240 0.850231 0.017188 0.025463
0 0.156380 0.977778 0.014323 0.012963
0 0.147005 0.988889 0.011719 0.013889
0 0.055859 0.987731 0.014844 0.017130
0 0.155208 0.651389 0.007292 0.006481
0 0.749870 0.655324 0.033594 0.050463
0 0.666406 0.534722 0.026562 0.044444
0 0.606120 0.479630 0.026302 0.020370
0 0.948177 0.631019 0.018750 0.019444
0 0.891927 0.476389 0.013542 0.014815
0 0.905990 0.393519 0.015104 0.017593
0 0.865234 0.417593 0.019531 0.029630
0 0.800000 0.379398 0.016667 0.027315
0 0.846615 0.126157 0.045312 0.036574
0 0.954818 0.166204 0.056510 0.055556
0 0.475521 0.348148 0.013021 0.012963
0 0.574870 0.263194 0.009115 0.015278
0 0.462630 0.200231 0.016406 0.012500
0 0.435807 0.200000 0.016927 0.016667
0 0.504687 0.348843 0.013021 0.011574
0 0.427083 0.371296 0.010937 0.015741
0 0.360547 0.103472 0.019010 0.030093
0 0.323958 0.078009 0.038542 0.046759
0 0.639583 0.041204 0.015625 0.018519
0 0.133464 0.348843 0.063281 0.066204
0 0.192839 0.289120 0.035677 0.046759
0 0.051172 0.205787 0.030469 0.024537
