0 0.313802 0.441898 0.303646 0.199537
0 0.225130 0.759491 0.076823 0.092130
0 0.535286 0.796065 0.056510 0.063426
0 0.241406 0.886574 0.065625 0.052778
0 0.132292 0.947454 0.141667 0.105093
0 0.366276 0.078009 0.118490 0.093981
0 0.697917 0.568519 0.033333 0.050926
0 0.725651 0.509954 0.006510 0.008796
0 0.710417 0.683565 0.011979 0.030093
0 0.708594 0.716435 0.012500 0.017130
0 0.724479 0.853009 0.007292 0.012500
0 0.759245 0.889352 0.025260 0.050000
0 0.983464 0.737269 0.025260 0.033796
0 0.955339 0.455324 0.089323 0.111574
0 0.830990 0.211111 0.122917 0.145370
0 0.979036 0.020139 0.041927 0.035648
