0 0.932292 0.845602 0.077083 0.110648
0 0.921615 0.768287 0.046875 0.068056
0 0.734766 0.869676 0.013281 0.015278
0 0.652214 0.873148 0.037760 0.042593
0 0.746224 0.671759 0.034635 0.033333
0 0.482682 0.915741 0.046094 0.033333
0 0.330469 0.935880 0.122396 0.109722
0 0.238281 0.897454 0.031771 0.039352
0 0.204687 0.827315 0.102604 0.107407
0 0.271224 0.774537 0.278906 0.162037
0 0.248958 0.665278 0.034375 0.031481
0 0.194922 0.659028 0.062240 0.044907
0 0.082682 0.693519 0.029427 0.055556
0 0.045573 0.628472 0.059375 0.095833
0 0.091146 0.550694 0.033854 0.028241
0 0.007552 0.644907 0.014583 0.022222
0 0.033724 0.503241 0.039844 0.037037
0 0.005208 0.515741 0.009896 0.012037
0 0.206510 0.426852 0.118750 0.107407
0 0.185938 0.141204 0.196354 0.242593
0 0.046615 0.014583 0.019271 0.021759
0 0.289844 0.186343 0.048438 0.047685
0 0.398307 0.276620 0.126302 0.176389
0 0.557552 0.378241 0.015625 0.020370
0 0.527214 0.272685 0.100260 0.071296
0 0.527214 0.192130 0.060677 0.051852
0 0.469531 0.083102 0.115625 0.110648
0 0.642448 0.241898 0.095833 0.126389
0 0.773568 0.281481 0.059635 0.074074
0 0.608594 0.441898 0.028125 0.035648
0 0.568880 0.532407 0.027865 0.045370
0 0.516927 0.606250 0.014063 0.015278
0 0.781510 0.433796 0.021354 0.027778
0 0.537109 0.596296 0.007552 0.010185
0 0.591016 0.569213 0.007031 0.010648
0 0.418229 0.941898 0.015625 0.028241
0 0.642057 0.103704 0.232552 0.196296
0 0.778125 0.069676 0.066667 0.106944
0 0.884375 0.034722 0.066146 0.068519
