0 0.938021 0.711111 0.118750 0.147222
0 0.789583 0.662269 0.092708 0.144907
0 0.792708 0.762037 0.004167 0.008333
0 0.955729 0.332639 0.088542 0.073611
0 0.976823 0.249537 0.009375 0.012963
0 0.926432 0.123380 0.059115 0.060648
0 0.987109 0.014815 0.025781 0.027778
0 0.731901 0.037037 0.107031 0.073148
0 0.635547 0.421528 0.058594 0.079167
0 0.704297 0.446991 0.017969 0.012500
0 0.609375 0.568750 0.009896 0.015278
0 0.592318 0.905093 0.015365 0.034259
0 0.519792 0.566898 0.112500 0.167130
0 0.398307 0.773380 0.221615 0.191204
0 0.158333 0.976852 0.123438 0.046296
0 0.059505 0.772917 0.010677 0.009722
0 0.336589 0.585185 0.144531 0.180556
0 0.152995 0.247917 0.085677 0.086574
0 0.278385 0.085880 0.067708 0.091204
0 0.065755 0.010648 0.058073 0.020370
0 0.009245 0.018519 0.017969 0.036111
