0 0.565234 0.648380 0.069010 0.063426
0 0.565885 0.692824 0.016146 0.020833
0 0.514844 0.660185 0.030729 0.036111
0 0.686589 0.708333 0.027344 0.029630
0 0.679167 0.783796 0.033854 0.052778
0 0.512891 0.813194 0.032552 0.042130
0 0.554427 0.824306 0.025521 0.030093
0 0.704167 0.923380 0.040625 0.055093
0 0.736198 0.988889 0.075521 0.022222
0 0.355339 0.083565 0.052344 0.070833
0 0.308984 0.168519 0.014844 0.029630
0 0.353906 0.196991 0.020833 0.048611
0 0.398568 0.236343 0.042969 0.055093
0 0.332422 0.313889 0.017448 0.023148
0 0.492708 0.293287 0.034375 0.054167
0 0.381250 0.431944 0.025521 0.033333
0 0.072917 0.455787 0.067708 0.070833
0 0.169271 0.539352 0.108854 0.089815
0 0.829948 0.366667 0.030729 0.038889
0 0.854167 0.890046 0.015625 0.015278
