0 0.318750 0.716898 0.252604 0.295833
0 0.424609 0.846065 0.020052 0.027315
0 0.422786 0.909491 0.045573 0.049537
0 0.480859 0.757870 0.012760 0.018519
0 0.589974 0.738657 0.052865 0.044907
0 0.553646 0.572685 0.159896 0.175000
0 0.457552 0.454630 0.062500 0.071296
0 0.272786 0.429630 0.149219 0.208333
0 0.126953 0.363889 0.068490 0.038889
0 0.110286 0.423611 0.022135 0.019444
0 0.016146 0.176157 0.019271 0.028241
0 0.038281 0.059954 0.076042 0.118981
0 0.308333 0.034954 0.080208 0.068981
0 0.636719 0.218750 0.370833 0.326389
0 0.802214 0.024306 0.078906 0.047685
0 0.887240 0.333333 0.028125 0.050000
0 0.860417 0.500694 0.087500 0.074537
0 0.914062 0.496065 0.031250 0.031944
0 0.858854 0.667361 0.282292 0.286574
0 0.963672 0.912037 0.072656 0.095370
0 0.881901 0.973148 0.011198 0.014815
0 0.672005 0.969444 0.155990 0.061111
0 0.923958 0.272454 0.030729 0.052315
