0 0.099740 0.478009 0.088542 0.125463
0 0.308073 0.444444 0.119271 0.108333
0 0.107161 0.277546 0.134635 0.172685
0 0.074740 0.117130 0.022917 0.022222
0 0.123177 0.052315 0.077604 0.066667
0 0.259896 0.024537 0.102604 0.048148
0 0.205208 0.693519 0.112500 0.137963
0 0.241536 0.832407 0.085156 0.090741
0 0.480599 0.815972 0.173177 0.118056
0 0.485286 0.880556 0.035156 0.045370
0 0.527344 0.940278 0.029167 0.034259
0 0.617839 0.720833 0.048698 0.064815
0 0.710938 0.826157 0.217708 0.188426
0 0.770052 0.968750 0.039583 0.044907
0 0.852344 0.962963 0.057292 0.059259
0 0.871875 0.789583 0.128125 0.134722
0 0.955469 0.936343 0.089063 0.093981
0 0.976693 0.809722 0.046615 0.068519
0 0.611719 0.492130 0.043229 0.065741
0 0.530599 0.512500 0.514323 0.462037
0 0.826302 0.216898 0.091146 0.154167
0 0.920443 0.062731 0.073177 0.072685
0 0.986458 0.011806 0.027083 0.019907
0 0.451042 0.036806 0.034896 0.063426
