0 0.416406 0.506713 0.137500 0.166204
0 0.286328 0.649074 0.029427 0.037037
0 0.360417 0.718519 0.084896 0.079630
0 0.319661 0.822222 0.008073 0.013889
0 0.454688 0.849306 0.022917 0.027315
0 0.504557 0.811111 0.021615 0.024074
0 0.514062 0.857407 0.008333 0.012037
0 0.455859 0.919676 0.007031 0.008796
0 0.632422 0.884722 0.021094 0.018519
0 0.703255 0.593981 0.066406 0.058333
0 0.990365 0.864583 0.019271 0.026389
0 0.284896 0.098380 0.076563 0.063426
0 0.081510 0.408565 0.020313 0.018056
0 0.048177 0.811574 0.059896 0.052778
0 0.838542 0.746296 0.322917 0.481481
0 0.927734 0.033102 0.023177 0.030093
