0 0.487891 0.915741 0.172135 0.168519
0 0.535026 0.972454 0.019010 0.035648
0 0.648698 0.968519 0.078646 0.062963
0 0.680469 0.931250 0.023438 0.030093
0 0.684375 0.907176 0.051042 0.069907
0 0.650521 0.879167 0.010937 0.012963
0 0.633854 0.870602 0.010937 0.012500
0 0.641667 0.904861 0.010417 0.017130
0 0.642708 0.895833 0.005729 0.009259
0 0.655729 0.685880 0.020833 0.021759
0 0.180208 0.891435 0.083854 0.096759
0 0.129167 0.902083 0.025521 0.030093
0 0.124349 0.772222 0.166927 0.171296
0 0.020052 0.744444 0.039062 0.058333
0 0.397656 0.725231 0.056250 0.047685
0 0.287240 0.649306 0.065625 0.046759
0 0.287891 0.702083 0.024740 0.033796
0 0.276042 0.478704 0.125000 0.081481
0 0.034505 0.115741 0.066927 0.164815
0 0.273958 0.214583 0.547396 0.404167
0 0.128255 0.024537 0.089844 0.042593
0 0.041536 0.013194 0.025260 0.025463
0 0.681120 0.260417 0.144531 0.102315
0 0.657943 0.177315 0.051302 0.062037
0 0.800391 0.409722 0.086719 0.100926
0 0.761849 0.627546 0.087760 0.076389
0 0.822135 0.596528 0.046875 0.039352
0 0.868490 0.611343 0.026562 0.025463
0 0.957031 0.649074 0.085938 0.194444
0 0.963542 0.523611 0.072917 0.065741
0 0.964063 0.097222 0.071875 0.104630
0 0.873698 0.013657 0.022917 0.026389
0 0.985286 0.787037 0.029427 0.069444
0 0.950521 0.898380 0.098958 0.140278
