0 0.286458 0.611111 0.142708 0.187037
0 0.425260 0.532176 0.084375 0.125463
0 0.525260 0.680787 0.072917 0.097685
0 0.055729 0.260880 0.110417 0.299537
0 0.156250 0.461806 0.016667 0.023611
0 0.313021 0.185185 0.020833 0.030556
0 0.140365 0.071065 0.032813 0.037500
0 0.380339 0.180324 0.025260 0.026389
0 0.460807 0.293519 0.194531 0.252778
0 0.593880 0.522222 0.092448 0.077778
0 0.736458 0.410648 0.113542 0.083333
0 0.441797 0.808565 0.093490 0.192130
0 0.384505 0.814815 0.023177 0.040741
0 0.340885 0.828241 0.081771 0.087963
0 0.029557 0.839120 0.058594 0.204167
0 0.151172 0.929861 0.060156 0.076389
0 0.112760 0.994213 0.029687 0.011574
0 0.232292 0.882407 0.076042 0.074074
0 0.280599 0.925926 0.137760 0.081481
0 0.389193 0.953704 0.046615 0.058333
0 0.658203 0.750926 0.142448 0.218519
0 0.640885 0.882407 0.030729 0.039815
0 0.758854 0.977315 0.092188 0.045370
0 0.758594 0.916204 0.036979 0.050926
0 0.803255 0.828704 0.152865 0.130556
0 0.927344 0.827546 0.019271 0.023611
0 0.980208 0.767361 0.039583 0.057870
0 0.863672 0.742130 0.024740 0.023148
0 0.904167 0.672685 0.191667 0.123148
0 0.969141 0.554630 0.008594 0.013889
0 0.960026 0.491898 0.042969 0.056019
0 0.797526 0.159028 0.106510 0.120833
0 0.903385 0.251852 0.193229 0.291667
0 0.683594 0.198148 0.077083 0.092593
0 0.679948 0.054167 0.040625 0.062037
0 0.784896 0.062731 0.013542 0.022685
