0 0.115885 0.764120 0.172396 0.170833
0 0.264974 0.809259 0.021094 0.026852
0 0.347917 0.757176 0.104167 0.142130
0 0.014844 0.840046 0.019792 0.020833
0 0.016406 0.939352 0.032292 0.121296
0 0.058333 0.988657 0.025000 0.022685
0 0.299479 0.969213 0.025521 0.044907
0 0.671745 0.791435 0.108594 0.091204
0 0.547135 0.935880 0.202604 0.128241
0 0.470703 0.855093 0.069531 0.093519
0 0.801562 0.981019 0.063021 0.037963
0 0.790365 0.583796 0.029167 0.028704
0 0.805729 0.640741 0.046354 0.062963
0 0.859766 0.589583 0.026302 0.041204
0 0.902604 0.563426 0.031771 0.050000
0 0.831901 0.563194 0.014844 0.021759
0 0.851302 0.548611 0.027083 0.050000
0 0.809115 0.490509 0.027083 0.031944
0 0.835547 0.499306 0.030990 0.038426
0 0.629427 0.403704 0.217188 0.220370
0 0.483333 0.339815 0.015104 0.026852
0 0.317969 0.141204 0.225000 0.187963
0 0.329167 0.245833 0.042188 0.052778
0 0.039453 0.133333 0.078385 0.096296
0 0.015755 0.349074 0.030990 0.109259
0 0.041536 0.388426 0.016927 0.023148
0 0.892318 0.820370 0.215365 0.359259
0 0.940234 0.955556 0.024740 0.027778
0 0.962630 0.597685 0.032552 0.041667
0 0.995052 0.514120 0.009896 0.039352
0 0.935026 0.496528 0.088802 0.072685
0 0.865755 0.385417 0.048177 0.070833
0 0.901302 0.369444 0.025000 0.028704
0 0.925391 0.348611 0.045573 0.067593
0 0.955469 0.316898 0.089063 0.127315
0 0.958724 0.137500 0.082552 0.128704
0 0.963672 0.215509 0.015365 0.026389
0 0.918229 0.112269 0.044271 0.078241
0 0.874219 0.111343 0.042188 0.056944
0 0.845443 0.178704 0.072656 0.110185
0 0.821354 0.254630 0.067187 0.052778
0 0.776953 0.322454 0.243490 0.130093
0 0.880599 0.284028 0.035677 0.044907
0 0.743099 0.109491 0.120052 0.139352
0 0.812109 0.106944 0.057552 0.043519
0 0.916406 0.038194 0.167187 0.074537
0 0.656250 0.063426 0.067187 0.081481
0 0.554818 0.156713 0.256510 0.289352
0 0.448047 0.020602 0.070052 0.040278
0 0.358984 0.013889 0.080990 0.025000
0 0.217839 0.021759 0.088281 0.042593
