0 0.905990 0.712963 0.024479 0.033333
0 0.313802 0.801852 0.029167 0.042593
0 0.199349 0.723611 0.069010 0.069444
0 0.148958 0.729398 0.025000 0.032870
0 0.297266 0.882176 0.035677 0.043981
0 0.171354 0.888194 0.029687 0.033796
0 0.134896 0.871528 0.029167 0.035648
0 0.672266 0.937037 0.031510 0.035185
0 0.152474 0.348611 0.044010 0.062963
0 0.010026 0.378472 0.017969 0.025463
0 0.075651 0.285417 0.036719 0.043981
0 0.035937 0.471991 0.032292 0.049537
0 0.490885 0.457176 0.016667 0.024537
0 0.511458 0.453472 0.013021 0.029167
0 0.046354 0.146759 0.053125 0.067593
0 0.091016 0.015972 0.033073 0.031019
