0 0.416406 0.707176 0.016667 0.029167
0 0.498307 0.735185 0.191927 0.209259
0 0.545312 0.835185 0.030729 0.062037
0 0.546745 0.885185 0.026823 0.052778
0 0.624870 0.881481 0.028906 0.024074
0 0.666406 0.778472 0.033333 0.077315
0 0.757682 0.746296 0.066927 0.062963
0 0.794401 0.692361 0.018490 0.020833
0 0.879297 0.918750 0.057031 0.051389
0 0.876172 0.648148 0.019531 0.019444
0 0.312109 0.907870 0.115365 0.080556
0 0.347656 0.756019 0.077604 0.116667
0 0.266797 0.738426 0.083073 0.124074
0 0.159896 0.772454 0.027083 0.038426
0 0.075781 0.862037 0.104688 0.112037
0 0.073438 0.530324 0.082812 0.097685
0 0.308594 0.555093 0.229167 0.200000
0 0.444661 0.527083 0.105990 0.115278
0 0.452865 0.278472 0.467708 0.326389
0 0.680208 0.393519 0.111979 0.124074
0 0.572266 0.157176 0.176823 0.159722
0 0.501693 0.192593 0.032031 0.044444
0 0.816797 0.492361 0.234115 0.202315
0 0.807292 0.310185 0.034375 0.040741
0 0.760286 0.278935 0.014323 0.021759
0 0.800391 0.355787 0.026302 0.031019
0 0.905339 0.265278 0.189323 0.340741
0 0.987240 0.427083 0.025521 0.035648
0 0.996875 0.482870 0.006250 0.037963
0 0.085807 0.149074 0.171094 0.187037
0 0.885417 0.043519 0.229167 0.086111
0 0.952995 0.663426 0.094010 0.100926
0 0.994141 0.554861 0.011719 0.018981
0 0.956250 0.728704 0.021875 0.025000
0 0.969531 0.963657 0.060937 0.072685
0 0.587370 0.988426 0.033594 0.023148
