0 0.553125 0.450463 0.012500 0.016667
0 0.471224 0.934954 0.145052 0.130093
0 0.680469 0.718056 0.013021 0.030556
0 0.279818 0.726620 0.019531 0.035648
0 0.196484 0.548148 0.153385 0.146296
0 0.284375 0.443750 0.064583 0.072685
0 0.139193 0.447222 0.037760 0.058333
0 0.109766 0.340509 0.207031 0.144907
0 0.117448 0.231713 0.018750 0.020833
0 0.037891 0.195602 0.074740 0.119907
0 0.112500 0.090509 0.045833 0.052315
0 0.316536 0.244213 0.088281 0.060648
0 0.063151 0.845833 0.029948 0.045370
0 0.437370 0.409954 0.105990 0.138426
0 0.375781 0.337037 0.026042 0.044444
0 0.389062 0.416435 0.019271 0.040278
0 0.412891 0.196065 0.216406 0.291204
0 0.395052 0.045139 0.070833 0.039352
0 0.571745 0.034491 0.144010 0.068056
0 0.719271 0.082639 0.022917 0.041204
0 0.713802 0.018750 0.083854 0.036574
0 0.847135 0.238194 0.066146 0.061574
0 0.840365 0.286111 0.027083 0.027778
0 0.959766 0.263426 0.080469 0.180556
0 0.973047 0.494444 0.053906 0.195370
0 0.974740 0.866898 0.050521 0.064352
0 0.939453 0.914352 0.030469 0.037037
0 0.960677 0.947685 0.024479 0.043519
0 0.777865 0.969676 0.018229 0.022685
