0 0.411068 0.414352 0.144010 0.230556
0 0.439323 0.679861 0.046875 0.076389
0 0.404948 0.695833 0.021354 0.025000
0 0.445312 0.819676 0.065625 0.083796
0 0.460417 0.911574 0.086979 0.074074
0 0.453125 0.929630 0.371354 0.140741
0 0.710417 0.611806 0.163542 0.103241
0 0.725000 0.668981 0.038542 0.037963
0 0.698958 0.506250 0.011458 0.024537
0 0.712370 0.503472 0.014323 0.028241
0 0.635547 0.473148 0.044010 0.049074
0 0.719922 0.252083 0.080469 0.099537
0 0.881380 0.431019 0.069010 0.049074
0 0.977865 0.364120 0.044271 0.071759
0 0.995182 0.690278 0.009635 0.012963
0 0.997135 0.732407 0.005729 0.041667
0 0.994922 0.767593 0.010156 0.025926
0 0.935026 0.905556 0.129948 0.171296
0 0.322656 0.087037 0.102604 0.137963
0 0.425781 0.084259 0.048438 0.048148
0 0.168229 0.469213 0.065104 0.070833
0 0.077344 0.640046 0.127604 0.076389
0 0.067448 0.717361 0.128125 0.081019
0 0.078125 0.771528 0.032292 0.028241
0 0.110286 0.894444 0.105990 0.088889
0 0.108984 0.968981 0.171094 0.062037
0 0.037240 0.184259 0.073958 0.113889
0 0.033464 0.053935 0.066406 0.055093
0 0.038802 0.014583 0.076042 0.026389
0 0.011198 0.088889 0.020833 0.076852
0 0.238411 0.013657 0.053385 0.026389
