0 0.634635 0.567361 0.061458 0.092130
0 0.610677 0.801157 0.028125 0.032870
0 0.395052 0.984722 0.024479 0.030556
0 0.403255 0.792824 0.045573 0.045833
0 0.091797 0.860417 0.026302 0.051389
0 0.140365 0.928009 0.105208 0.143981
0 0.058333 0.747685 0.052083 0.058333
0 0.012109 0.815741 0.023698 0.139815
0 0.013021 0.646065 0.025521 0.045833
0 0.051693 0.513426 0.102865 0.196296
0 0.176432 0.524074 0.127344 0.152778
0 0.304167 0.433565 0.028125 0.038426
0 0.389844 0.479167 0.031250 0.044444
0 0.403385 0.131713 0.090104 0.077315
