0 0.610286 0.968287 0.087240 0.063426
0 0.500391 0.725231 0.020573 0.022685
0 0.880339 0.772222 0.072135 0.067593
0 0.885417 0.720139 0.038542 0.037500
0 0.397005 0.625694 0.134115 0.129167
0 0.347786 0.755324 0.024740 0.029167
0 0.220964 0.780787 0.211198 0.211574
0 0.136589 0.872685 0.054427 0.086111
0 0.172396 0.894907 0.023958 0.023148
0 0.062109 0.759722 0.021615 0.025000
0 0.018229 0.791435 0.035937 0.103241
0 0.003385 0.637269 0.006250 0.016204
0 0.098177 0.437037 0.018750 0.022222
0 0.194661 0.247917 0.219010 0.165278
0 0.387370 0.302546 0.110677 0.128241
