0 0.739974 0.788657 0.123698 0.145833
0 0.469531 0.418056 0.069792 0.077778
0 0.362109 0.350926 0.077865 0.087037
0 0.233984 0.291435 0.063802 0.066204
0 0.178385 0.270833 0.059896 0.061111
0 0.137630 0.648148 0.096615 0.067593
0 0.104818 0.903935 0.030469 0.043981
0 0.071615 0.931944 0.069271 0.075000
0 0.201302 0.921296 0.012500 0.011111
0 0.451172 0.798843 0.021094 0.020833
0 0.667839 0.072685 0.028385 0.049074
0 0.719141 0.147685 0.047656 0.042593
0 0.149740 0.030556 0.035937 0.052778
0 0.018620 0.058333 0.036198 0.077778
0 0.244010 0.005093 0.008854 0.009259
