0 0.652083 0.955093 0.028646 0.062963
0 0.740625 0.978472 0.056771 0.043056
0 0.696094 0.887269 0.012500 0.013426
0 0.551042 0.868287 0.019792 0.023611
0 0.594792 0.745602 0.022396 0.018981
0 0.685417 0.686111 0.113021 0.122222
0 0.744010 0.734259 0.033854 0.041667
0 0.836589 0.661574 0.135156 0.140741
0 0.853646 0.765509 0.016667 0.020833
0 0.911979 0.792361 0.117708 0.147685
0 0.952214 0.859954 0.042969 0.049537
0 0.979557 0.891667 0.040885 0.077778
0 0.988542 0.947685 0.022917 0.031481
0 0.895312 0.904167 0.013542 0.016667
0 0.098568 0.573843 0.104427 0.105093
0 0.135026 0.638426 0.018490 0.029630
0 0.121875 0.653009 0.008854 0.010648
0 0.119010 0.675463 0.039062 0.059259
0 0.141016 0.683102 0.019531 0.020833
0 0.499609 0.115509 0.120573 0.119907
0 0.419661 0.066435 0.016406 0.020833
0 0.475781 0.033565 0.053646 0.044907
0 0.441406 0.017361 0.102083 0.033796
0 0.304818 0.131713 0.020573 0.026389
0 0.296354 0.012731 0.043229 0.023611
0 0.224479 0.035880 0.056250 0.035648
0 0.030729 0.023611 0.042708 0.046296
0 0.050000 0.114815 0.099479 0.089815
0 0.324219 0.715972 0.013542 0.019907
0 0.358073 0.675463 0.034375 0.033333
0 0.395833 0.716435 0.033333 0.040278
0 0.292448 0.422685 0.442188 0.512963
0 0.468880 0.642130 0.025781 0.020370
0 0.089844 0.400000 0.024479 0.056481
0 0.129036 0.237037 0.058594 0.056481
0 0.449740 0.226157 0.071354 0.094907
0 0.670573 0.297917 0.020313 0.043981
0 0.649219 0.330093 0.015104 0.025926
0 0.687500 0.421065 0.012500 0.018981
0 0.052604 0.403704 0.038021 0.039815
0 0.010547 0.278009 0.020573 0.068981
0 0.014193 0.368056 0.027865 0.050000
0 0.968359 0.522685 0.020052 0.025926
0 0.980208 0.414120 0.039583 0.056944
0 0.806641 0.200463 0.386719 0.400000
0 0.909766 0.026389 0.154948 0.051852
0 0.406901 0.404398 0.039323 0.056944
