0 0.617969 0.181481 0.101562 0.137037
0 0.505208 0.048611 0.053646 0.058333
0 0.740495 0.240741 0.060156 0.066667
0 0.737500 0.108565 0.209375 0.123611
0 0.947656 0.329861 0.104688 0.132870
0 0.988932 0.517130 0.022135 0.026852
0 0.960807 0.578935 0.019010 0.022685
0 0.947656 0.695370 0.041146 0.044444
0 0.956771 0.784722 0.085938 0.100926
0 0.954557 0.731944 0.009635 0.011111
0 0.797526 0.630093 0.115365 0.138889
0 0.762500 0.745833 0.005729 0.011111
0 0.658073 0.590741 0.062500 0.107407
0 0.520833 0.755324 0.087500 0.050463
0 0.512760 0.908796 0.008333 0.017593
0 0.674219 0.882407 0.247917 0.173148
0 0.614974 0.781481 0.018490 0.017593
0 0.547396 0.964815 0.183854 0.070370
0 0.852474 0.953472 0.106510 0.093056
0 0.325781 0.943519 0.118750 0.097222
0 0.425260 0.977315 0.053125 0.045370
0 0.373828 0.850000 0.033594 0.028704
0 0.423307 0.586343 0.275781 0.471759
0 0.348568 0.606481 0.019531 0.032407
0 0.258984 0.749074 0.054427 0.110185
0 0.175521 0.600000 0.223958 0.220370
0 0.109635 0.680093 0.042188 0.047222
0 0.055469 0.686574 0.102604 0.165741
0 0.023177 0.581019 0.044271 0.055556
0 0.043229 0.531481 0.041146 0.060185
0 0.109505 0.306019 0.053906 0.105556
0 0.055599 0.336111 0.108594 0.147222
0 0.202083 0.182407 0.020313 0.026852
0 0.086979 0.103009 0.172917 0.204167
0 0.121224 0.828241 0.241927 0.195370
0 0.019141 0.954861 0.037760 0.090278
0 0.092969 0.966898 0.086979 0.066204
