0 0.445443 0.411111 0.078906 0.061111
0 0.541146 0.475000 0.102083 0.087037
0 0.892448 0.689352 0.026042 0.030556
0 0.921224 0.685880 0.029948 0.030093
0 0.929427 0.531713 0.060937 0.070833
0 0.706120 0.259259 0.021615 0.026852
0 0.755208 0.354861 0.030729 0.037500
0 0.836719 0.197685 0.029167 0.058333
0 0.756901 0.153704 0.038281 0.051852
0 0.717708 0.130093 0.023958 0.047222
0 0.672786 0.109259 0.021615 0.044444
0 0.337500 0.085417 0.048438 0.085648
0 0.097786 0.046065 0.097135 0.091204
0 0.697005 0.018981 0.051302 0.037037
