0 0.252083 0.880093 0.103125 0.100926
0 0.047135 0.960648 0.093750 0.078704
0 0.223177 0.417130 0.111458 0.153704
0 0.310026 0.449769 0.046615 0.080093
0 0.423568 0.534491 0.010677 0.012500
0 0.236458 0.295602 0.079687 0.069907
0 0.169271 0.340509 0.088542 0.063426
0 0.078906 0.314583 0.156771 0.356019
0 0.107161 0.125694 0.088281 0.067130
0 0.374089 0.311806 0.099219 0.106019
0 0.729557 0.455556 0.039323 0.039815
0 0.718099 0.633796 0.296615 0.379630
0 0.753125 0.797454 0.020833 0.025463
0 0.650781 0.932176 0.088542 0.124537
0 0.872266 0.915972 0.112240 0.168056
0 0.920052 0.819444 0.065625 0.080556
0 0.945964 0.490278 0.103906 0.178704
0 0.772005 0.214583 0.310677 0.283796
0 0.956510 0.244676 0.059896 0.035648
0 0.747266 0.062500 0.051302 0.062963
0 0.403906 0.139352 0.439583 0.275926
0 0.463672 0.198380 0.019010 0.023611
0 0.078646 0.046065 0.155729 0.090278
0 0.163802 0.184028 0.028646 0.033796
