0 0.035156 0.271528 0.069792 0.104167
0 0.277083 0.559028 0.100521 0.046759
0 0.297917 0.754167 0.019271 0.029630
0 0.392839 0.762731 0.017969 0.019907
0 0.345703 0.808796 0.082031 0.079630
0 0.304818 0.833565 0.039844 0.069907
0 0.235026 0.947917 0.101302 0.090278
0 0.011458 0.725000 0.022396 0.044444
0 0.061719 0.947222 0.122917 0.105556
0 0.153516 0.982639 0.050260 0.034722
0 0.961589 0.854630 0.076823 0.080556
0 0.854427 0.907870 0.165625 0.184259
0 0.675781 0.534491 0.138021 0.125463
0 0.739844 0.450000 0.038542 0.032407
0 0.960547 0.359491 0.078906 0.107870
0 0.663281 0.289815 0.013021 0.017593
0 0.970052 0.208333 0.059896 0.076852
0 0.805208 0.007870 0.020833 0.014815
0 0.785026 0.007407 0.014844 0.012963
0 0.562370 0.034259 0.076302 0.065741
0 0.480078 0.180556 0.041406 0.048148
