0 0.102604 0.232870 0.044792 0.050000
0 0.230859 0.209259 0.017448 0.025000
0 0.318359 0.436574 0.055990 0.084259
0 0.134766 0.478704 0.018490 0.020370
0 0.089193 0.633333 0.045052 0.049074
0 0.445443 0.481481 0.064323 0.082407
0 0.631771 0.501389 0.027083 0.027778
0 0.677344 0.511111 0.023438 0.040741
0 0.576172 0.380556 0.057031 0.058333
0 0.846615 0.275000 0.081250 0.187963
0 0.890495 0.398611 0.028385 0.040741
0 0.777083 0.412731 0.013021 0.014352
0 0.770182 0.534491 0.062240 0.053241
0 0.848047 0.680093 0.088802 0.102778
0 0.535937 0.821065 0.006250 0.014352
0 0.615495 0.856019 0.042969 0.072222
0 0.935547 0.970602 0.028906 0.035648
0 0.794922 0.053009 0.057552 0.054167
