0 0.573307 0.867130 0.213281 0.153704
0 0.729818 0.973843 0.112760 0.052315
0 0.489453 0.987731 0.043490 0.024537
0 0.347135 0.810880 0.073958 0.103241
0 0.418880 0.843056 0.013802 0.023148
0 0.509245 0.767593 0.011198 0.025926
0 0.581510 0.726852 0.015625 0.017593
0 0.418490 0.739352 0.019792 0.045370
0 0.353906 0.708102 0.098437 0.081944
0 0.353646 0.664815 0.020313 0.021296
0 0.435677 0.615972 0.240104 0.131944
0 0.560807 0.597685 0.031510 0.037963
0 0.413542 0.552315 0.032813 0.042593
0 0.423438 0.452083 0.043750 0.028241
0 0.694531 0.606944 0.083854 0.086111
0 0.780339 0.699769 0.184635 0.123611
0 0.851823 0.819907 0.052604 0.063889
0 0.937891 0.712269 0.032552 0.069907
0 0.930078 0.638657 0.028385 0.031019
0 0.979167 0.550000 0.041667 0.106481
0 0.849219 0.488194 0.142187 0.198611
0 0.902734 0.367361 0.055469 0.054167
0 0.965885 0.413889 0.058333 0.063889
0 0.993099 0.281019 0.013802 0.054630
0 0.988021 0.023843 0.023958 0.045833
0 0.846354 0.068519 0.051042 0.078704
0 0.924870 0.111806 0.116927 0.159722
0 0.895182 0.025694 0.038802 0.050463
0 0.827214 0.010648 0.036719 0.018519
0 0.670443 0.401389 0.272656 0.141667
0 0.737891 0.480324 0.015885 0.026389
0 0.600651 0.318287 0.065365 0.056944
0 0.060547 0.953704 0.120573 0.092593
0 0.220964 0.909954 0.135156 0.144907
0 0.131901 0.907870 0.041406 0.043519
0 0.055599 0.815741 0.110156 0.119444
0 0.103255 0.746296 0.055469 0.063889
0 0.204557 0.659028 0.053906 0.057870
0 0.142578 0.654167 0.023698 0.020370
0 0.014453 0.640509 0.027344 0.052315
0 0.188542 0.592361 0.012500 0.018981
0 0.184115 0.516204 0.012500 0.012037
0 0.112760 0.471991 0.106250 0.118981
0 0.016536 0.495602 0.032552 0.119907
0 0.010937 0.425463 0.020833 0.025000
0 0.062370 0.381713 0.059635 0.081019
0 0.033854 0.289120 0.066667 0.174537
0 0.215104 0.319676 0.353646 0.356944
0 0.209766 0.426852 0.039844 0.042593
0 0.231250 0.203241 0.014063 0.017593
0 0.078646 0.079167 0.156250 0.157407
0 0.363151 0.091667 0.366406 0.180556
0 0.665755 0.190046 0.492969 0.379167
