0 0.906771 0.653935 0.028646 0.030093
0 0.996224 0.661574 0.007552 0.019444
0 0.980729 0.784722 0.014063 0.013889
0 0.438542 0.927315 0.085417 0.132407
0 0.345833 0.984954 0.083854 0.030093
0 0.280599 0.967130 0.041927 0.064815
0 0.101562 0.878704 0.063021 0.074074
0 0.122396 0.954398 0.065625 0.091204
0 0.027214 0.959491 0.053906 0.081019
0 0.175130 0.665741 0.081510 0.113889
0 0.013151 0.665972 0.025781 0.066204
0 0.012500 0.463657 0.024479 0.077315
0 0.614062 0.063194 0.096354 0.125463
0 0.894792 0.028472 0.045312 0.056019
