0 0.606901 0.599306 0.046094 0.040278
0 0.656901 0.766898 0.020573 0.016204
0 0.583203 0.876620 0.037240 0.044907
0 0.524219 0.369444 0.055729 0.048148
0 0.125651 0.584954 0.022656 0.024537
0 0.109115 0.587963 0.010417 0.022222
0 0.265365 0.487037 0.020833 0.013889
0 0.141536 0.581019 0.012760 0.018519
0 0.142448 0.593519 0.007812 0.012963
0 0.136979 0.764815 0.006250 0.009259
0 0.132812 0.862500 0.030208 0.025926
0 0.148958 0.863426 0.006771 0.011111
0 0.068099 0.944213 0.008594 0.010648
0 0.220312 0.957176 0.126562 0.071759
0 0.633464 0.555787 0.017969 0.021759
0 0.796484 0.598611 0.058073 0.062963
0 0.832812 0.526620 0.017708 0.030093
0 0.822917 0.548380 0.015625 0.016204
0 0.014844 0.301852 0.017708 0.026852
0 0.132812 0.088889 0.027604 0.032407
0 0.341927 0.033796 0.056771 0.047222
0 0.865234 0.223611 0.033594 0.028704
0 0.961458 0.385648 0.033854 0.033333
0 0.956641 0.617130 0.016406 0.022222
0 0.885286 0.775231 0.013281 0.016204
0 0.898828 0.774537 0.008594 0.010185
0 0.909896 0.959954 0.011979 0.017130
0 0.886719 0.972222 0.014063 0.023148
0 0.857943 0.984491 0.005469 0.011574
