0 0.413932 0.950000 0.229948 0.100000
0 0.427865 0.775231 0.007812 0.014352
0 0.457552 0.784954 0.013542 0.017130
0 0.480990 0.779861 0.021354 0.039352
0 0.552604 0.674537 0.016667 0.021296
0 0.546094 0.708565 0.011458 0.013426
0 0.420703 0.580324 0.057031 0.076389
0 0.468490 0.603241 0.039062 0.050000
0 0.499349 0.591435 0.015365 0.027315
0 0.541146 0.591898 0.065104 0.054167
0 0.618490 0.643287 0.031250 0.037500
0 0.717318 0.678009 0.050781 0.055093
0 0.958203 0.659491 0.022656 0.030093
0 0.938932 0.667361 0.014323 0.018056
0 0.957812 0.727083 0.008854 0.021759
0 0.751823 0.738889 0.009896 0.012963
0 0.776432 0.765278 0.030990 0.045370
0 0.798958 0.803704 0.023438 0.024074
0 0.825130 0.755324 0.007552 0.013426
0 0.983073 0.970602 0.033854 0.058796
0 0.992969 0.863426 0.014063 0.046296
0 0.087370 0.588194 0.067969 0.044907
0 0.216016 0.612269 0.023177 0.029167
0 0.149740 0.695602 0.087500 0.120833
0 0.200391 0.771296 0.034115 0.050926
0 0.229036 0.798611 0.013802 0.019444
0 0.113411 0.778472 0.039844 0.040278
0 0.063672 0.743750 0.055469 0.063426
0 0.067969 0.683796 0.059375 0.035185
0 0.012240 0.715278 0.023438 0.030556
0 0.052604 0.792361 0.017188 0.022685
0 0.095964 0.931481 0.097656 0.076852
0 0.820443 0.013889 0.023177 0.026852
0 0.695312 0.015278 0.018750 0.021296
0 0.310677 0.256713 0.015104 0.030093
