0 0.511328 0.845370 0.270573 0.222222
0 0.376042 0.638194 0.084896 0.106944
0 0.432552 0.639583 0.025000 0.031019
0 0.442839 0.573380 0.038802 0.023611
0 0.470833 0.504630 0.079167 0.076852
0 0.250260 0.495833 0.044792 0.027778
0 0.041797 0.755093 0.051823 0.040741
0 0.049089 0.899537 0.012760 0.015741
0 0.043359 0.958565 0.016406 0.017130
0 0.019271 0.969213 0.013021 0.029167
0 0.134766 0.873148 0.009115 0.011111
0 0.414844 0.293981 0.123438 0.177778
0 0.643750 0.308796 0.139063 0.087963
0 0.680729 0.417593 0.031771 0.039815
0 0.705729 0.479398 0.015104 0.024537
0 0.780208 0.505324 0.044271 0.057870
0 0.922005 0.693056 0.034115 0.047222
0 0.844401 0.236806 0.165885 0.153241
0 0.748177 0.089583 0.091667 0.133796
0 0.989323 0.145833 0.021354 0.081481
0 0.985677 0.433565 0.028646 0.056944
0 0.943750 0.988426 0.021875 0.023148
0 0.008854 0.063889 0.016667 0.024074
