0 0.450130 0.128704 0.175781 0.140741
0 0.182031 0.225694 0.133854 0.095833
0 0.189323 0.612500 0.035937 0.060185
0 0.077083 0.697917 0.041667 0.036574
0 0.430078 0.713889 0.100260 0.145370
0 0.473958 0.777315 0.014063 0.019444
0 0.462760 0.772454 0.007292 0.011574
0 0.453516 0.911343 0.104948 0.117130
0 0.085156 0.959491 0.113542 0.081019
0 0.013542 0.884954 0.026562 0.024537
0 0.014063 0.943750 0.027604 0.071759
0 0.020964 0.718981 0.041406 0.044444
0 0.022917 0.595370 0.045312 0.128704
0 0.906380 0.821296 0.139844 0.209259
0 0.887370 0.691667 0.008594 0.012037
0 0.982812 0.653935 0.034375 0.048611
0 0.963151 0.534491 0.060677 0.083796
0 0.941276 0.265972 0.117448 0.148611
0 0.344401 0.987963 0.019531 0.024074
