0 0.510286 0.469444 0.023698 0.031481
0 0.511849 0.522917 0.023698 0.030093
0 0.637240 0.898611 0.155729 0.111111
0 0.769141 0.886806 0.100781 0.068981
0 0.732292 0.752083 0.055729 0.044907
0 0.783594 0.699537 0.040625 0.033333
0 0.406120 0.967824 0.040885 0.040278
0 0.260677 0.976620 0.062500 0.046759
0 0.350000 0.985880 0.034896 0.028241
0 0.127865 0.772222 0.253646 0.395370
0 0.151693 0.464583 0.034115 0.044907
0 0.213932 0.405324 0.051823 0.074537
0 0.062760 0.250926 0.125000 0.230556
0 0.156510 0.054861 0.117708 0.108796
0 0.485938 0.158565 0.086979 0.134722
0 0.573177 0.181250 0.026042 0.026389
0 0.858203 0.153935 0.057031 0.068981
0 0.869271 0.056019 0.261458 0.111111
0 0.958073 0.193287 0.083854 0.131944
0 0.958984 0.984954 0.051302 0.030093
0 0.855078 0.988194 0.078385 0.023611
