0 0.234505 0.241435 0.189844 0.178241
0 0.168359 0.922917 0.183073 0.154167
0 0.041406 0.972685 0.082292 0.052778
0 0.433073 0.750694 0.062500 0.063426
0 0.498828 0.705787 0.110677 0.081944
0 0.633594 0.965972 0.121875 0.068056
0 0.857552 0.929398 0.139583 0.141204
0 0.814323 0.840741 0.054688 0.040741
0 0.992448 0.859954 0.015104 0.045833
0 0.966536 0.928009 0.007552 0.009722
0 0.872656 0.672222 0.254688 0.278704
0 0.797526 0.587963 0.134115 0.108333
0 0.904557 0.505787 0.044531 0.056019
0 0.972005 0.456481 0.055990 0.052778
0 0.953255 0.433796 0.036198 0.050000
0 0.937109 0.373148 0.076302 0.055556
0 0.946615 0.298611 0.059375 0.072222
0 0.811719 0.328009 0.089063 0.080093
0 0.651693 0.417824 0.036198 0.057870
0 0.585026 0.515509 0.032552 0.024537
0 0.470182 0.509028 0.020052 0.042130
0 0.465495 0.409028 0.031510 0.021759
0 0.485286 0.148611 0.081510 0.081481
0 0.862500 0.096991 0.088021 0.125463
0 0.767839 0.079167 0.080469 0.138889
0 0.788932 0.484259 0.149740 0.105556
0 0.994010 0.109954 0.011979 0.033796
