0 0.490495 0.397222 0.051302 0.101852
0 0.517318 0.483796 0.063802 0.114815
0 0.411719 0.538889 0.025521 0.022222
0 0.326302 0.529861 0.078646 0.060648
0 0.268880 0.460185 0.058594 0.111111
0 0.311589 0.712269 0.046615 0.068056
0 0.286458 0.737731 0.008333 0.015278
0 0.174609 0.630556 0.069531 0.062037
0 0.189844 0.788889 0.091146 0.073148
0 0.191797 0.940046 0.030469 0.025463
0 0.351823 0.863657 0.017188 0.039352
0 0.307812 0.992361 0.027083 0.015278
0 0.403646 0.985648 0.027083 0.028704
0 0.493359 0.702546 0.018490 0.018056
0 0.628906 0.762037 0.140625 0.224074
0 0.862370 0.720602 0.065365 0.063426
0 0.953385 0.693056 0.093229 0.094444
0 0.958594 0.859491 0.082812 0.160648
0 0.917448 0.919907 0.008854 0.013889
0 0.870703 0.979861 0.092969 0.039352
0 0.815755 0.963889 0.009115 0.013889
0 0.922005 0.555324 0.067448 0.102315
0 0.814063 0.376389 0.013542 0.023148
0 0.922135 0.219676 0.078646 0.104167
0 0.932031 0.090278 0.075521 0.068519
0 0.981380 0.039815 0.037240 0.078704
0 0.720182 0.164583 0.100260 0.079167
0 0.641927 0.114352 0.069792 0.077778
0 0.346094 0.240741 0.102083 0.087037
0 0.426953 0.280556 0.084115 0.075926
0 0.397917 0.170602 0.081250 0.065278
0 0.356901 0.073380 0.045052 0.044907
0 0.181771 0.128241 0.066146 0.047222
0 0.196875 0.083796 0.076042 0.062963
0 0.099609 0.474306 0.110156 0.112500
0 0.164193 0.035185 0.243490 0.069444
0 0.619401 0.017130 0.072656 0.032407
