0 0.882552 0.671065 0.051562 0.052315
0 0.862240 0.702083 0.007812 0.009722
0 0.986589 0.679167 0.006510 0.010185
0 0.979167 0.643519 0.038021 0.023148
0 0.993229 0.552546 0.013542 0.028241
0 0.946745 0.613657 0.010156 0.010648
0 0.961979 0.497917 0.076042 0.097685
0 0.915755 0.520139 0.017448 0.024537
0 0.955469 0.413194 0.026042 0.028241
0 0.839844 0.556019 0.019792 0.027778
0 0.871875 0.579630 0.008854 0.023148
0 0.805339 0.596528 0.005990 0.007870
0 0.844792 0.639815 0.009375 0.011111
0 0.814583 0.533796 0.039062 0.062963
0 0.796484 0.492824 0.012760 0.011574
0 0.796224 0.732407 0.023177 0.022222
0 0.682422 0.677083 0.019531 0.019907
0 0.656380 0.584259 0.027344 0.025000
0 0.654687 0.603935 0.006250 0.009722
0 0.679167 0.501852 0.039062 0.051852
0 0.687500 0.541204 0.018229 0.024074
0 0.735026 0.525231 0.009635 0.013426
0 0.721354 0.530556 0.005729 0.012963
0 0.848698 0.416898 0.013542 0.016204
0 0.810286 0.424769 0.062240 0.056944
0 0.797135 0.363426 0.038021 0.047222
0 0.740755 0.390509 0.036719 0.062500
0 0.610938 0.402778 0.078646 0.044444
0 0.817448 0.230324 0.039062 0.027315
0 0.602344 0.222222 0.023438 0.025926
0 0.532161 0.271528 0.035156 0.026389
0 0.651823 0.280787 0.184896 0.151389
0 0.316406 0.810880 0.008854 0.015278
0 0.423958 0.186343 0.032813 0.028241
0 0.385807 0.082407 0.020573 0.033333
