0 0.596745 0.845833 0.082031 0.108333
0 0.723177 0.817130 0.028646 0.028704
0 0.763151 0.730324 0.019531 0.020833
0 0.647266 0.758333 0.126302 0.076852
0 0.603646 0.663426 0.035937 0.062037
0 0.573307 0.569444 0.035677 0.023148
0 0.696875 0.988889 0.037500 0.022222
0 0.995703 0.831944 0.008594 0.011111
0 0.702083 0.509259 0.016667 0.012037
0 0.227865 0.661806 0.105729 0.148611
0 0.338672 0.837269 0.023177 0.033796
0 0.294141 0.976157 0.033073 0.047685
0 0.015755 0.635185 0.030990 0.090741
0 0.764062 0.130556 0.047396 0.052778
0 0.921484 0.482639 0.028385 0.036574
0 0.936849 0.594213 0.108594 0.137500
