0 0.232161 0.634028 0.104427 0.106944
0 0.333724 0.722917 0.070573 0.075463
0 0.417448 0.718056 0.090625 0.095370
0 0.325260 0.497917 0.026562 0.031019
0 0.507943 0.821759 0.040365 0.050926
0 0.559635 0.593519 0.190625 0.145370
0 0.478906 0.502546 0.058333 0.087500
0 0.524609 0.428241 0.134635 0.104630
0 0.643880 0.432870 0.025260 0.038889
0 0.718880 0.363426 0.071094 0.076852
0 0.807161 0.428009 0.110156 0.142130
0 0.736068 0.261806 0.131510 0.112500
0 0.824609 0.173380 0.031510 0.051389
0 0.689583 0.121296 0.098958 0.095370
0 0.962891 0.117593 0.074219 0.118519
0 0.976562 0.044907 0.046875 0.073148
0 0.881641 0.036806 0.058073 0.054167
0 0.283073 0.158333 0.077083 0.061111
0 0.356510 0.107639 0.117708 0.156019
0 0.429948 0.032176 0.153125 0.063426
0 0.165104 0.386343 0.049479 0.056944
0 0.172526 0.322454 0.040885 0.062500
0 0.115104 0.188426 0.113021 0.095370
0 0.063672 0.122454 0.058594 0.078241
0 0.210286 0.117593 0.017969 0.026852
0 0.141016 0.036111 0.058073 0.053704
0 0.220443 0.026852 0.147656 0.052778
