0 0.214974 0.827546 0.038802 0.049537
0 0.353125 0.837037 0.089063 0.100926
0 0.440495 0.883333 0.019010 0.019444
0 0.040885 0.917361 0.081250 0.162500
0 0.135807 0.993519 0.025781 0.012963
0 0.158854 0.990509 0.020313 0.018981
0 0.177734 0.993287 0.014323 0.013426
0 0.185807 0.539120 0.241406 0.264352
0 0.422005 0.953472 0.133594 0.093056
0 0.348047 0.917361 0.013281 0.018056
0 0.509505 0.957639 0.007552 0.009722
0 0.377083 0.629630 0.068229 0.085185
0 0.771484 0.783796 0.079948 0.070370
0 0.640755 0.714583 0.042448 0.051389
0 0.782552 0.498380 0.140625 0.231019
0 0.718750 0.987500 0.075000 0.025000
0 0.919922 0.811343 0.160156 0.377315
0 0.934505 0.478472 0.130990 0.170833
0 0.988411 0.380556 0.023177 0.063889
0 0.853255 0.283102 0.037240 0.051389
0 0.699219 0.216898 0.098437 0.139352
0 0.610807 0.411343 0.122135 0.228241
0 0.506510 0.497917 0.010417 0.020833
0 0.586328 0.202546 0.021615 0.031944
0 0.510547 0.079630 0.074740 0.119444
0 0.859635 0.142824 0.021354 0.044907
0 0.987760 0.050000 0.024479 0.033333
0 0.977083 0.007176 0.028125 0.013426
0 0.437891 0.475231 0.076823 0.083796
0 0.300260 0.474537 0.014063 0.028704
0 0.204167 0.312269 0.168229 0.229167
0 0.248828 0.088889 0.058073 0.087963
0 0.370833 0.064815 0.116146 0.128704
0 0.405208 0.145370 0.026562 0.037037
