0 0.883333 0.947454 0.011979 0.024537
0 0.799870 0.947685 0.013281 0.020370
0 0.991406 0.728472 0.010937 0.028241
0 0.818750 0.649769 0.196875 0.201389
0 0.905859 0.440278 0.092448 0.130556
0 0.984896 0.315046 0.030208 0.068056
0 0.752214 0.500000 0.126302 0.172222
0 0.587760 0.965741 0.119271 0.068519
0 0.476302 0.737037 0.015104 0.018519
0 0.631380 0.041204 0.091406 0.081481
0 0.527734 0.188657 0.079427 0.060648
0 0.132682 0.341898 0.027344 0.028241
0 0.147135 0.617593 0.029687 0.025000
0 0.291927 0.705556 0.028125 0.031481
0 0.282813 0.850926 0.081771 0.062037
