0 0.333594 0.909954 0.034896 0.054167
0 0.293620 0.980093 0.079948 0.039815
0 0.159375 0.988657 0.023958 0.022685
0 0.188411 0.525231 0.030990 0.030093
0 0.181250 0.486806 0.025521 0.031019
0 0.253125 0.500694 0.027604 0.031944
0 0.327734 0.428704 0.049219 0.055556
0 0.369010 0.327778 0.104167 0.108333
0 0.255339 0.341435 0.031510 0.048611
0 0.277474 0.324074 0.032031 0.049074
0 0.264974 0.291204 0.021094 0.021296
0 0.236719 0.278704 0.014063 0.020370
0 0.325521 0.222222 0.073438 0.051852
0 0.144661 0.276852 0.051823 0.050926
0 0.101042 0.237731 0.068229 0.065278
0 0.108594 0.196759 0.029167 0.030556
0 0.026693 0.227083 0.031510 0.034722
0 0.008333 0.283796 0.016146 0.031481
0 0.246094 0.099537 0.207292 0.196296
0 0.366276 0.137731 0.099219 0.098611
0 0.010156 0.013426 0.019792 0.025926
0 0.374479 0.056019 0.064583 0.041667
0 0.343229 0.013657 0.032813 0.026389
0 0.388672 0.016667 0.035156 0.030556
0 0.453646 0.021528 0.094792 0.042130
0 0.455469 0.078935 0.063021 0.062500
0 0.574870 0.034491 0.112240 0.068056
0 0.537891 0.314120 0.049740 0.086574
0 0.522917 0.398843 0.019271 0.025463
0 0.591667 0.469907 0.074479 0.070370
0 0.426302 0.583333 0.283333 0.323148
0 0.504297 0.805556 0.010156 0.012037
0 0.432422 0.840046 0.011719 0.009722
0 0.450000 0.844444 0.006771 0.009259
0 0.644792 0.727083 0.194271 0.105093
0 0.635156 0.816435 0.034375 0.042130
0 0.814453 0.921528 0.319531 0.156944
0 0.675000 0.894907 0.006250 0.009259
0 0.681380 0.893519 0.005469 0.009259
0 0.718750 0.857176 0.005729 0.011574
0 0.707943 0.888426 0.005469 0.008333
0 0.836849 0.725000 0.191927 0.139815
0 0.930208 0.780556 0.081771 0.074074
0 0.849219 0.549537 0.301563 0.106481
0 0.681901 0.609259 0.073177 0.088889
0 0.713802 0.475000 0.018750 0.025000
0 0.812500 0.452083 0.103125 0.124537
0 0.991927 0.471065 0.016146 0.081944
0 0.794792 0.031019 0.103646 0.061111
0 0.771354 0.126852 0.056771 0.079630
0 0.821484 0.190741 0.052865 0.066667
0 0.842839 0.125926 0.056510 0.065741
0 0.883203 0.206944 0.064323 0.077778
0 0.944531 0.237269 0.110937 0.275463
0 0.895833 0.111111 0.063542 0.052778
0 0.931771 0.079630 0.087500 0.065741
0 0.866927 0.071991 0.043750 0.035648
0 0.936589 0.019444 0.042448 0.036111
0 0.691406 0.195602 0.440104 0.331944
0 0.005990 0.588426 0.011458 0.014815
