0 0.569010 0.549074 0.184375 0.181481
0 0.696224 0.549306 0.028906 0.046759
0 0.597396 0.412500 0.052083 0.063889
0 0.574870 0.329630 0.069531 0.063889
0 0.444661 0.417130 0.096615 0.085185
0 0.241927 0.271528 0.309375 0.355093
0 0.126042 0.073843 0.095833 0.082870
0 0.013021 0.277083 0.025521 0.079167
0 0.063672 0.018750 0.020052 0.030093
0 0.041146 0.377083 0.017708 0.019907
0 0.155859 0.605556 0.067448 0.076852
0 0.111068 0.583796 0.007552 0.011111
0 0.276172 0.564815 0.074219 0.104630
0 0.425911 0.753009 0.037760 0.045833
0 0.317839 0.941204 0.075260 0.084259
0 0.234375 0.989583 0.023438 0.020833
0 0.262500 0.986343 0.026042 0.024537
0 0.675781 0.218519 0.062500 0.058333
0 0.824479 0.129861 0.174479 0.132870
0 0.957812 0.155787 0.053646 0.079167
0 0.983073 0.350000 0.033854 0.085185
0 0.868229 0.593981 0.263542 0.249074
0 0.938411 0.743287 0.015885 0.022685
0 0.849740 0.870833 0.055208 0.074074
