0 0.453776 0.390046 0.030990 0.024537
0 0.691276 0.612963 0.017448 0.022222
0 0.764323 0.784491 0.064062 0.070833
0 0.652344 0.928009 0.038021 0.033796
0 0.699219 0.920139 0.008333 0.009722
0 0.751693 0.985648 0.069010 0.028704
0 0.709115 0.994444 0.008854 0.011111
0 0.807552 0.861343 0.059896 0.082870
0 0.858854 0.870370 0.014583 0.024074
0 0.341667 0.845370 0.052083 0.097222
0 0.285547 0.953704 0.045052 0.075000
0 0.408724 0.961111 0.185677 0.077778
0 0.427604 0.915278 0.148958 0.089815
0 0.818620 0.672222 0.009115 0.011111
0 0.869271 0.656944 0.041667 0.058333
0 0.961979 0.727546 0.008854 0.009722
0 0.919792 0.788889 0.005208 0.007407
0 0.886198 0.789352 0.009375 0.007407
0 0.882943 0.846991 0.019010 0.016204
0 0.911979 0.889815 0.025521 0.034259
0 0.899219 0.989352 0.029167 0.021296
0 0.967057 0.973611 0.065885 0.052778
0 0.961719 0.916667 0.027604 0.026852
