0 0.408333 0.753472 0.173958 0.185648
0 0.710677 0.910880 0.058333 0.023611
0 0.797396 0.905093 0.103125 0.062037
0 0.915495 0.878935 0.169010 0.242130
0 0.808464 0.984722 0.101823 0.030556
0 0.569792 0.518287 0.417708 0.395833
0 0.174609 0.519907 0.333594 0.179630
0 0.048307 0.639120 0.096094 0.126389
0 0.030729 0.780787 0.060937 0.092130
0 0.040365 0.868519 0.080208 0.085185
0 0.174870 0.843287 0.008594 0.015278
0 0.169141 0.970139 0.010677 0.015278
0 0.222526 0.980787 0.041406 0.038426
0 0.053385 0.953935 0.105729 0.092130
0 0.426693 0.209259 0.024740 0.037037
0 0.349219 0.072454 0.047917 0.064352
0 0.442969 0.024537 0.074479 0.048148
0 0.946224 0.032407 0.107552 0.063889
