0 0.693229 0.807639 0.275521 0.384722
0 0.800391 0.688657 0.023698 0.028241
0 0.853776 0.828241 0.023698 0.040741
0 0.500521 0.750463 0.029167 0.029630
0 0.375391 0.751620 0.087760 0.066204
0 0.446354 0.735185 0.051562 0.034259
0 0.263281 0.775231 0.027604 0.030093
0 0.278255 0.975000 0.054427 0.050000
0 0.082682 0.930787 0.146094 0.138426
0 0.438802 0.514815 0.094271 0.117593
0 0.334505 0.342361 0.123698 0.113426
0 0.303776 0.249074 0.054948 0.063889
0 0.099349 0.248380 0.197656 0.379167
0 0.022135 0.755324 0.041146 0.043056
0 0.681510 0.212037 0.136458 0.135185
0 0.713672 0.031481 0.075260 0.061111
0 0.567708 0.037269 0.054688 0.060648
0 0.568620 0.090741 0.074740 0.063889
0 0.936068 0.058565 0.127865 0.116204
0 0.883203 0.566435 0.162240 0.142130
0 0.902734 0.929630 0.039323 0.039815
