0 0.848828 0.857870 0.104948 0.100926
0 0.677214 0.887963 0.038802 0.092593
0 0.389714 0.933565 0.055990 0.092130
0 0.516016 0.637269 0.030469 0.048611
0 0.195703 0.711111 0.035156 0.047222
0 0.125130 0.870139 0.022656 0.025463
0 0.576302 0.552315 0.022396 0.040741
0 0.796354 0.585648 0.067708 0.081481
0 0.720833 0.431944 0.019792 0.025000
0 0.733073 0.411806 0.009375 0.012500
0 0.728646 0.419676 0.004687 0.006944
0 0.687370 0.363889 0.009635 0.013889
0 0.647005 0.342361 0.027865 0.033796
0 0.271354 0.050694 0.057813 0.060648
0 0.597656 0.068519 0.072396 0.106481
0 0.836458 0.200231 0.082292 0.135648
0 0.801042 0.116435 0.033854 0.033796
0 0.871224 0.077315 0.035156 0.039815
0 0.841146 0.364583 0.060937 0.068056
0 0.984505 0.463889 0.030990 0.066667
0 0.171875 0.978935 0.019792 0.020833
