0 0.649609 0.653009 0.061198 0.064352
0 0.808984 0.897685 0.152865 0.164815
0 0.292708 0.830324 0.057813 0.043056
0 0.353776 0.795139 0.033073 0.034722
0 0.328906 0.964120 0.116146 0.071759
0 0.204818 0.946065 0.141927 0.107870
0 0.095052 0.512037 0.018750 0.025926
0 0.095052 0.211111 0.091146 0.132407
0 0.179427 0.251852 0.025000 0.029630
0 0.498307 0.254861 0.065885 0.075463
0 0.641667 0.312269 0.142708 0.192130
0 0.620573 0.201157 0.488021 0.401389
0 0.778516 0.035648 0.097656 0.070370
0 0.849870 0.087037 0.020573 0.037963
0 0.871484 0.253009 0.078385 0.056944
0 0.845052 0.143981 0.039062 0.051852
0 0.926953 0.320139 0.085156 0.146759
0 0.922266 0.197917 0.073698 0.080093
0 0.994271 0.336343 0.011458 0.063426
0 0.929948 0.078935 0.108333 0.155093
0 0.984505 0.705787 0.030990 0.062500
