0 0.654687 0.790741 0.168229 0.212037
0 0.511068 0.839815 0.029948 0.033333
0 0.567839 0.910880 0.011719 0.014352
0 0.670312 0.964352 0.089583 0.071296
0 0.585677 0.982870 0.015104 0.020370
0 0.423698 0.967593 0.010937 0.016667
0 0.877474 0.938889 0.076302 0.122222
0 0.972917 0.978009 0.054167 0.043981
0 0.806901 0.917361 0.132031 0.136574
0 0.737891 0.888889 0.012240 0.020370
0 0.947656 0.811574 0.104688 0.262963
0 0.877865 0.775000 0.012500 0.021296
0 0.864974 0.774306 0.011719 0.012500
0 0.828906 0.789583 0.009375 0.009722
0 0.804688 0.664815 0.032813 0.037037
0 0.925391 0.603241 0.149219 0.112037
0 0.825651 0.571065 0.012240 0.017130
0 0.878255 0.198380 0.032031 0.051389
0 0.974349 0.237500 0.051302 0.098148
0 0.220833 0.924537 0.044792 0.043519
0 0.365234 0.977778 0.016927 0.030556
0 0.346615 0.837731 0.007292 0.011574
0 0.203776 0.519907 0.094010 0.105556
0 0.109505 0.389815 0.030990 0.036111
0 0.308073 0.354398 0.027083 0.023611
0 0.299870 0.375463 0.013802 0.016667
0 0.061068 0.696296 0.021094 0.024074
0 0.032813 0.949769 0.008854 0.011574
0 0.013932 0.944907 0.012760 0.023148
0 0.049740 0.775926 0.018229 0.017593
0 0.062630 0.956481 0.049740 0.029630
0 0.566146 0.059722 0.173958 0.104630
