0 0.911979 0.125000 0.075521 0.076852
0 0.806380 0.108102 0.014844 0.027315
0 0.849089 0.202778 0.012760 0.014815
0 0.778255 0.219444 0.050781 0.043519
0 0.805469 0.331481 0.163542 0.181481
0 0.986849 0.367593 0.026302 0.035185
0 0.951953 0.424537 0.063802 0.057407
0 0.907813 0.433102 0.021354 0.025463
0 0.806771 0.472222 0.034896 0.039815
0 0.847005 0.497685 0.046094 0.094444
0 0.910937 0.535185 0.092708 0.087037
0 0.868620 0.587037 0.028906 0.041667
0 0.962760 0.511343 0.010937 0.017130
0 0.994661 0.536343 0.010677 0.019907
0 0.923698 0.642824 0.152604 0.171759
0 0.859375 0.690972 0.022917 0.033796
0 0.949089 0.749306 0.021615 0.034722
0 0.918359 0.729398 0.015365 0.019907
0 0.953125 0.795370 0.015625 0.020370
0 0.881120 0.797685 0.021094 0.037037
0 0.844401 0.729630 0.016927 0.024074
0 0.833984 0.690278 0.018490 0.027778
0 0.805078 0.764815 0.043490 0.042593
0 0.800000 0.811806 0.019792 0.031944
0 0.829036 0.855556 0.046615 0.046296
0 0.683594 0.742130 0.039583 0.042593
0 0.723047 0.773843 0.036198 0.037500
0 0.588932 0.411574 0.134635 0.108333
0 0.637370 0.348843 0.010677 0.029167
0 0.654427 0.492130 0.046875 0.071296
0 0.699219 0.530093 0.158854 0.143519
0 0.696875 0.636574 0.183854 0.162037
0 0.538151 0.520833 0.117969 0.129630
0 0.525651 0.700463 0.053385 0.051852
0 0.466927 0.699769 0.075000 0.106019
0 0.292708 0.426852 0.248438 0.258333
0 0.468229 0.594907 0.135937 0.065741
0 0.203255 0.627778 0.014323 0.019444
0 0.371094 0.611343 0.014063 0.015278
0 0.389974 0.653241 0.021094 0.025926
0 0.165365 0.652546 0.026042 0.030093
0 0.138281 0.651620 0.026562 0.019907
0 0.179818 0.709259 0.026302 0.030556
0 0.225911 0.712500 0.060677 0.041667
0 0.020182 0.544907 0.039844 0.064815
0 0.052344 0.658102 0.103646 0.130093
0 0.057813 0.777546 0.079687 0.103241
0 0.066927 0.898843 0.047396 0.059722
0 0.246094 0.731019 0.491667 0.537963
0 0.421615 0.912037 0.240625 0.175926
0 0.299219 0.916204 0.041667 0.063889
0 0.619010 0.840278 0.329688 0.319444
0 0.910937 0.021065 0.078646 0.041204
0 0.987109 0.984028 0.025781 0.031944
