0 0.972526 0.859954 0.054948 0.071759
0 0.926953 0.901389 0.035156 0.041667
0 0.944401 0.948843 0.034115 0.063426
0 0.966146 0.977778 0.057813 0.044444
0 0.921615 0.990046 0.028125 0.019907
0 0.897135 0.996991 0.016146 0.006019
0 0.971875 0.722917 0.017188 0.025463
0 0.952083 0.603009 0.057813 0.050463
0 0.976953 0.526157 0.021094 0.027315
0 0.888151 0.520833 0.045573 0.049074
0 0.770703 0.674769 0.150781 0.140278
0 0.833464 0.877546 0.057031 0.063426
0 0.753906 0.879167 0.289583 0.241667
0 0.769531 0.879861 0.017188 0.021759
0 0.566667 0.589815 0.280208 0.289815
0 0.357682 0.778472 0.196615 0.192130
0 0.474609 0.889815 0.148177 0.134259
0 0.355859 0.908102 0.022656 0.037500
0 0.160286 0.981019 0.132552 0.037963
0 0.140755 0.870833 0.280990 0.193519
0 0.238281 0.699306 0.054688 0.065278
0 0.163932 0.682639 0.122656 0.155093
0 0.093750 0.565741 0.046875 0.042593
0 0.237760 0.576620 0.056771 0.068056
0 0.261458 0.503241 0.086458 0.104630
0 0.359505 0.460417 0.072656 0.099537
0 0.412240 0.521296 0.007292 0.015741
0 0.447135 0.360648 0.134375 0.146296
0 0.565885 0.383333 0.127604 0.086111
0 0.629687 0.395833 0.014063 0.016667
0 0.660026 0.285880 0.092448 0.062500
0 0.736068 0.380556 0.036198 0.067593
0 0.787500 0.442361 0.021354 0.027315
0 0.751563 0.458796 0.018229 0.022222
0 0.720833 0.477083 0.016667 0.016204
0 0.702344 0.407639 0.011979 0.025463
0 0.674349 0.410880 0.010677 0.015278
0 0.796745 0.234028 0.085677 0.078241
0 0.848047 0.147685 0.053385 0.049074
0 0.675521 0.143519 0.198958 0.182407
0 0.601172 0.027083 0.054427 0.053241
0 0.486849 0.052083 0.064323 0.067130
0 0.424870 0.011806 0.052865 0.022685
0 0.322135 0.025694 0.116146 0.048611
0 0.417057 0.169676 0.271615 0.218981
0 0.277344 0.317593 0.036458 0.058333
0 0.118359 0.388426 0.021094 0.025926
0 0.157422 0.152083 0.278906 0.303241
0 0.947135 0.034259 0.105729 0.067593
