0 0.793620 0.663889 0.125260 0.151852
0 0.812240 0.575231 0.069792 0.043056
0 0.755469 0.475926 0.011979 0.017593
0 0.701302 0.597454 0.056771 0.071759
0 0.738802 0.853009 0.114062 0.125463
0 0.805469 0.986806 0.028125 0.026389
0 0.540104 0.581019 0.069271 0.053704
0 0.627344 0.253241 0.120833 0.087963
0 0.463802 0.428472 0.082292 0.125463
0 0.878255 0.303472 0.243490 0.233796
0 0.972526 0.420139 0.029427 0.028241
0 0.844401 0.170139 0.033073 0.061574
0 0.242448 0.830556 0.040625 0.066667
0 0.101432 0.872454 0.202344 0.251389
0 0.092839 0.696759 0.013802 0.019444
0 0.276042 0.298843 0.072396 0.051389
0 0.098828 0.318056 0.032552 0.040741
0 0.208333 0.170370 0.030208 0.043519
0 0.325651 0.096065 0.058073 0.064352
0 0.484635 0.057639 0.045312 0.056944
