0 0.497135 0.775000 0.343229 0.332407
0 0.510547 0.588426 0.133073 0.083333
0 0.594271 0.369676 0.051562 0.068981
0 0.536589 0.433796 0.026302 0.039815
0 0.698047 0.692361 0.021615 0.018056
0 0.812500 0.848611 0.038542 0.042593
0 0.762500 0.885648 0.041667 0.040741
0 0.726693 0.972222 0.086719 0.055556
0 0.686979 0.920370 0.072917 0.084259
0 0.926172 0.944907 0.015885 0.029630
0 0.966406 0.736111 0.067187 0.112963
0 0.827344 0.119444 0.089583 0.134259
0 0.904297 0.135648 0.021615 0.027778
0 0.870052 0.390972 0.018750 0.030093
0 0.289583 0.272454 0.406771 0.310648
0 0.504818 0.055324 0.126823 0.109722
0 0.170182 0.609259 0.155469 0.179630
0 0.182812 0.779398 0.058854 0.060648
0 0.026562 0.903009 0.052604 0.056944
0 0.025130 0.840046 0.021615 0.030093
0 0.028646 0.669907 0.056771 0.098148
0 0.083333 0.476389 0.062500 0.079630
0 0.010547 0.041667 0.020573 0.082407
