0 0.593880 0.895602 0.142448 0.189352
0 0.586198 0.986574 0.054167 0.026852
0 0.851953 0.757639 0.027344 0.033796
0 0.777734 0.511806 0.020573 0.030093
0 0.416667 0.630787 0.122917 0.106019
0 0.325911 0.653241 0.032552 0.026852
0 0.339453 0.818287 0.092969 0.118056
0 0.455729 0.873611 0.058854 0.065741
0 0.428125 0.789583 0.021354 0.027315
0 0.426953 0.817361 0.008594 0.017130
0 0.284896 0.941204 0.327083 0.117593
0 0.115365 0.876852 0.052604 0.043519
0 0.185807 0.855787 0.013802 0.020833
0 0.226042 0.833102 0.011979 0.027315
0 0.028516 0.511343 0.055990 0.079167
0 0.057422 0.558333 0.010677 0.020370
0 0.132422 0.640278 0.263281 0.417593
0 0.170052 0.466204 0.017708 0.036111
0 0.104688 0.412269 0.102604 0.051389
0 0.324349 0.429630 0.096615 0.134259
0 0.306510 0.346759 0.059375 0.038889
0 0.299349 0.144444 0.319531 0.272222
0 0.406641 0.234491 0.088281 0.094907
0 0.081380 0.300000 0.019010 0.027778
0 0.537109 0.355093 0.036198 0.033333
0 0.822005 0.266435 0.027344 0.031944
0 0.735026 0.240278 0.080469 0.078704
0 0.748958 0.172222 0.084896 0.092593
0 0.819922 0.131019 0.166927 0.127778
0 0.836198 0.206944 0.020833 0.019444
0 0.805339 0.201620 0.024219 0.051389
0 0.713021 0.079630 0.046354 0.038889
0 0.697917 0.116667 0.033333 0.038889
0 0.580729 0.186574 0.238542 0.153704
0 0.611458 0.021065 0.139583 0.041204
0 0.931510 0.179167 0.032292 0.038889
0 0.952734 0.201620 0.026302 0.028241
0 0.928906 0.245602 0.108333 0.072685
0 0.970182 0.090046 0.059635 0.126389
0 0.947526 0.042361 0.016406 0.025463
0 0.021094 0.970139 0.041667 0.059722
