0 0.651042 0.897685 0.273958 0.204630
0 0.682813 0.986343 0.025000 0.027315
0 0.545703 0.802546 0.021094 0.019907
0 0.582292 0.802315 0.031771 0.029630
0 0.620573 0.788889 0.033333 0.025926
0 0.623307 0.687037 0.047135 0.051852
0 0.653776 0.661806 0.015365 0.028241
0 0.707422 0.591898 0.021094 0.043981
0 0.680990 0.704861 0.011458 0.018056
0 0.673047 0.735185 0.024219 0.029630
0 0.707161 0.698148 0.010677 0.018519
0 0.725000 0.709491 0.007812 0.014352
0 0.752865 0.701389 0.014583 0.027778
0 0.751823 0.742824 0.010937 0.018981
0 0.770833 0.784028 0.027083 0.035648
0 0.850000 0.793056 0.111458 0.064815
0 0.405339 0.852315 0.093490 0.101852
0 0.423958 0.975231 0.154167 0.049537
0 0.469922 0.652778 0.032552 0.043519
0 0.499479 0.584259 0.023438 0.019444
0 0.460807 0.558565 0.007552 0.016204
0 0.445833 0.573380 0.014583 0.021759
0 0.430078 0.607176 0.019010 0.017130
0 0.408594 0.653009 0.023958 0.032870
0 0.313411 0.692361 0.014844 0.019907
0 0.349219 0.661343 0.035417 0.060648
0 0.368099 0.636111 0.015365 0.012963
0 0.250651 0.722685 0.013802 0.019444
0 0.878646 0.358333 0.061979 0.064815
0 0.943880 0.548611 0.052344 0.065741
0 0.843750 0.550463 0.070833 0.050000
0 0.855339 0.515741 0.021615 0.029630
0 0.837109 0.511111 0.020052 0.030556
0 0.798568 0.531481 0.025260 0.027778
0 0.645833 0.446528 0.015104 0.019907
0 0.914062 0.646991 0.006250 0.014352
0 0.923307 0.692824 0.024740 0.025463
0 0.908464 0.878009 0.017969 0.029167
0 0.958984 0.903472 0.014323 0.019907
0 0.881641 0.974537 0.009115 0.009259
0 0.967187 0.931944 0.009375 0.011111
0 0.919010 0.945833 0.007292 0.007407
0 0.960547 0.949537 0.005469 0.006481
0 0.966146 0.949306 0.004687 0.008796
0 0.942578 0.975231 0.114844 0.049537
