0 0.160938 0.880093 0.118750 0.079630
0 0.144010 0.715741 0.061979 0.043519
0 0.116667 0.661574 0.072396 0.089815
0 0.372526 0.182870 0.142448 0.118519
0 0.361589 0.263426 0.043490 0.045370
0 0.444922 0.303241 0.092448 0.107407
0 0.537370 0.227083 0.084115 0.097685
0 0.533073 0.290972 0.040104 0.040278
0 0.563802 0.156481 0.032813 0.033333
0 0.510547 0.103009 0.024740 0.027315
0 0.564583 0.021991 0.070312 0.042130
0 0.652083 0.092824 0.033854 0.034722
0 0.766536 0.097917 0.053906 0.031944
0 0.717969 0.182870 0.043229 0.069444
0 0.792708 0.253472 0.032292 0.037500
0 0.856771 0.332407 0.069271 0.079630
0 0.917448 0.304861 0.018229 0.034722
0 0.947917 0.228009 0.026042 0.030093
0 0.992318 0.265509 0.015365 0.068056
0 0.944531 0.340741 0.040625 0.029630
0 0.989193 0.376157 0.021615 0.067130
0 0.971094 0.393519 0.019271 0.035185
0 0.978125 0.441204 0.043750 0.062963
0 0.894271 0.428009 0.131771 0.144907
0 0.342187 0.038194 0.043750 0.060648
0 0.279427 0.184491 0.018750 0.019907
0 0.261328 0.233796 0.028385 0.037037
0 0.207552 0.100463 0.086458 0.122222
0 0.206120 0.006713 0.029427 0.010648
0 0.120313 0.009259 0.029687 0.014815
0 0.132943 0.086806 0.078906 0.094907
0 0.062109 0.051620 0.071094 0.072685
0 0.010677 0.014120 0.020833 0.026389
0 0.003255 0.056019 0.005990 0.055556
0 0.969010 0.033796 0.061979 0.062963
0 0.404036 0.444907 0.807552 0.494444
