0 0.544922 0.431713 0.069531 0.073611
0 0.778646 0.291898 0.062500 0.043981
0 0.852734 0.236806 0.041927 0.043056
0 0.858464 0.366898 0.020052 0.026389
0 0.783333 0.549537 0.147396 0.207407
0 0.737891 0.701389 0.118490 0.081481
0 0.771094 0.777778 0.186458 0.124074
0 0.932552 0.936111 0.070312 0.048148
0 0.923177 0.869907 0.022396 0.032407
0 0.944271 0.718287 0.031771 0.029167
0 0.919010 0.700463 0.007292 0.010185
0 0.982812 0.803935 0.009896 0.029167
0 0.967448 0.883102 0.004167 0.006944
0 0.990365 0.868981 0.006250 0.010185
0 0.995573 0.977546 0.008854 0.029167
0 0.544531 0.982407 0.016667 0.031481
0 0.437630 0.868287 0.145573 0.089352
0 0.515495 0.863657 0.020573 0.032870
0 0.363411 0.806713 0.011198 0.015278
0 0.430859 0.604861 0.023698 0.025463
0 0.481380 0.639120 0.074740 0.043981
0 0.484375 0.594907 0.042708 0.030556
0 0.510286 0.600000 0.009115 0.017593
0 0.614062 0.661111 0.082812 0.072222
0 0.567448 0.802546 0.026042 0.020833
0 0.558594 0.749769 0.008333 0.013426
0 0.325911 0.642824 0.014323 0.038426
0 0.368099 0.759259 0.009635 0.011111
0 0.313802 0.781713 0.007812 0.009722
0 0.316016 0.752315 0.005990 0.009259
0 0.290234 0.750694 0.009635 0.012500
0 0.282682 0.782639 0.018490 0.017130
0 0.265495 0.703009 0.016406 0.031019
0 0.275521 0.700926 0.010417 0.013889
0 0.232813 0.718750 0.042708 0.056019
0 0.211328 0.769213 0.011719 0.011574
0 0.149609 0.805787 0.008073 0.009722
0 0.154297 0.823380 0.016406 0.020833
0 0.188411 0.828935 0.030990 0.031019
0 0.090755 0.664120 0.031510 0.034722
0 0.036589 0.656713 0.013281 0.020833
0 0.040495 0.669213 0.007552 0.009722
0 0.088021 0.569444 0.009375 0.017593
0 0.100000 0.581250 0.009896 0.014352
0 0.043490 0.850000 0.086458 0.102778
0 0.053776 0.969907 0.107031 0.060185
0 0.254297 0.903472 0.267969 0.193056
0 0.332682 0.496759 0.024219 0.019444
