0 0.055469 0.608102 0.045833 0.030093
0 0.198698 0.935880 0.036979 0.037500
0 0.347005 0.771528 0.012240 0.022685
0 0.372135 0.772917 0.009375 0.013426
0 0.262630 0.572222 0.013281 0.014815
0 0.247005 0.360185 0.129427 0.120370
0 0.738542 0.411574 0.063542 0.053704
0 0.610547 0.507176 0.100781 0.123611
0 0.702604 0.552546 0.042708 0.031019
0 0.772266 0.885880 0.028906 0.034722
0 0.465234 0.601620 0.044531 0.096759
0 0.404948 0.555093 0.007292 0.009259
0 0.442057 0.468056 0.112240 0.147222
0 0.510677 0.505556 0.054688 0.101852
0 0.421094 0.356250 0.083333 0.096759
0 0.323698 0.414120 0.087500 0.121759
0 0.069401 0.238657 0.076302 0.078241
0 0.201432 0.216435 0.044531 0.043056
0 0.060937 0.337269 0.046354 0.049537
0 0.131120 0.347222 0.007552 0.014815
0 0.904818 0.433333 0.066927 0.076852
0 0.960417 0.147454 0.046354 0.036574
0 0.935286 0.061806 0.038802 0.056019
0 0.269792 0.048380 0.084896 0.067130
0 0.222005 0.072685 0.011198 0.024074
0 0.250260 0.010417 0.035937 0.019907
0 0.021094 0.080787 0.040625 0.049537
