0 0.865495 0.589815 0.046615 0.057407
0 0.799870 0.629861 0.022656 0.032870
0 0.723047 0.898380 0.026823 0.025463
0 0.922656 0.898843 0.057292 0.087500
0 0.949870 0.849306 0.015885 0.031944
0 0.856120 0.814583 0.016406 0.019907
0 0.792188 0.691435 0.405208 0.322685
0 0.520312 0.545139 0.038021 0.043981
0 0.575521 0.490972 0.015104 0.021759
0 0.636849 0.473611 0.078385 0.093519
0 0.613281 0.322454 0.190625 0.186574
0 0.729948 0.244676 0.072917 0.069907
0 0.556510 0.162963 0.067708 0.072222
0 0.498307 0.218981 0.049219 0.051852
0 0.530859 0.237731 0.021615 0.027315
0 0.443229 0.441898 0.009896 0.013426
0 0.472135 0.469907 0.030729 0.026852
0 0.558984 0.484722 0.008594 0.016667
0 0.475130 0.144676 0.054427 0.039352
0 0.552734 0.078472 0.267448 0.156019
0 0.311198 0.078472 0.125000 0.098611
0 0.157943 0.066435 0.045052 0.033796
0 0.057422 0.036343 0.058073 0.065278
0 0.105208 0.546759 0.016667 0.025000
