0 0.919401 0.755324 0.161198 0.134722
0 0.872656 0.883102 0.041146 0.061574
0 0.938151 0.971528 0.091927 0.056944
0 0.730208 0.731944 0.072917 0.097222
0 0.734766 0.634954 0.091927 0.085648
0 0.791797 0.657870 0.024740 0.044444
0 0.789974 0.526157 0.225260 0.158796
0 0.903255 0.486574 0.023177 0.043519
0 0.772786 0.462500 0.038281 0.039815
0 0.988802 0.489352 0.022396 0.064815
0 0.564063 0.545833 0.011458 0.017593
0 0.520182 0.620602 0.010156 0.017130
0 0.591927 0.609954 0.052083 0.056944
0 0.490495 0.719676 0.041927 0.039352
0 0.619661 0.852778 0.135677 0.137963
0 0.526302 0.876157 0.048958 0.040278
0 0.688932 0.911343 0.032552 0.050463
0 0.427214 0.947917 0.169010 0.104167
0 0.424089 0.800000 0.141927 0.108333
0 0.288411 0.819676 0.009115 0.013426
0 0.243620 0.870370 0.180990 0.175000
0 0.293490 0.479167 0.203646 0.187037
0 0.377865 0.626389 0.053646 0.063889
0 0.258854 0.603472 0.069792 0.128241
0 0.283594 0.555787 0.028125 0.036574
0 0.478516 0.445370 0.116927 0.123148
0 0.420182 0.356250 0.063802 0.082870
0 0.935677 0.316898 0.128646 0.099537
0 0.923828 0.240046 0.036198 0.023611
0 0.880599 0.117361 0.238802 0.231944
0 0.714453 0.056250 0.266406 0.110648
0 0.898307 0.029167 0.058073 0.042593
0 0.577083 0.380093 0.031250 0.037963
0 0.352734 0.063426 0.301823 0.125926
0 0.408073 0.232176 0.653125 0.447685
0 0.581771 0.168056 0.026042 0.024074
0 0.120964 0.375694 0.069010 0.097685
0 0.098437 0.451852 0.093229 0.096296
0 0.110807 0.626620 0.221094 0.339352
0 0.113542 0.868287 0.063021 0.048611
0 0.152734 0.870833 0.304948 0.258333
0 0.043490 0.319213 0.086458 0.162500
0 0.019531 0.184491 0.038542 0.059722
0 0.052734 0.019444 0.053906 0.037963
0 0.046615 0.085880 0.092708 0.133796
