0 0.895964 0.684491 0.102865 0.081944
0 0.930599 0.776852 0.028385 0.047222
0 0.979167 0.921528 0.041667 0.068981
0 0.792188 0.990278 0.037500 0.019444
0 0.845313 0.989583 0.044271 0.020833
0 0.683073 0.909491 0.059375 0.051389
0 0.562630 0.962269 0.015365 0.015278
0 0.476953 0.989815 0.058594 0.020370
0 0.398828 0.652315 0.058073 0.074074
0 0.260417 0.751852 0.079167 0.154630
0 0.218880 0.584722 0.067969 0.083333
0 0.187891 0.763194 0.036719 0.048611
0 0.118099 0.812731 0.107031 0.073611
0 0.036849 0.925694 0.073177 0.134722
0 0.462891 0.279630 0.131510 0.123148
0 0.662500 0.216204 0.070312 0.084259
0 0.832812 0.294444 0.019792 0.029630
0 0.814063 0.426852 0.029167 0.040741
0 0.963932 0.274306 0.072135 0.093056
0 0.983203 0.106250 0.033594 0.045833
