0 0.696745 0.858102 0.052865 0.088426
0 0.731250 0.846991 0.020833 0.023611
0 0.639323 0.928704 0.027604 0.025000
0 0.588281 0.993750 0.051562 0.012500
0 0.573828 0.981250 0.008594 0.010648
0 0.550911 0.980556 0.023177 0.021296
0 0.532552 0.743981 0.007292 0.012963
0 0.520443 0.748611 0.006510 0.011111
0 0.457552 0.826389 0.003125 0.006481
0 0.849089 0.858102 0.141927 0.090278
0 0.871745 0.906250 0.018490 0.018056
0 0.915234 0.738889 0.038802 0.047222
0 0.873307 0.749769 0.013802 0.018056
0 0.876172 0.772917 0.008073 0.010648
0 0.884115 0.763889 0.011979 0.011111
0 0.619010 0.548611 0.032292 0.024074
0 0.627474 0.532407 0.006510 0.007407
0 0.600000 0.540741 0.010417 0.012963
0 0.480078 0.509954 0.019531 0.024537
0 0.273047 0.566898 0.017969 0.015278
0 0.220052 0.351852 0.024479 0.017593
0 0.073698 0.366435 0.107813 0.062500
0 0.612109 0.142593 0.057552 0.074074
0 0.866536 0.322685 0.036198 0.046296
0 0.872526 0.280324 0.020052 0.024537
0 0.972917 0.663889 0.054167 0.057407
0 0.952214 0.805556 0.060156 0.080556
0 0.978255 0.842361 0.006510 0.013426
0 0.998047 0.845602 0.003906 0.011574
0 0.998177 0.835648 0.003646 0.007407
0 0.966927 0.961574 0.052083 0.043519
0 0.480599 0.986574 0.013281 0.014815
