0 0.566146 0.372917 0.118229 0.123611
0 0.437500 0.600694 0.100000 0.122685
0 0.696615 0.896991 0.115104 0.109722
0 0.451042 0.826389 0.078125 0.077778
0 0.873437 0.371296 0.083333 0.088889
0 0.810417 0.237500 0.064583 0.078704
0 0.382031 0.326389 0.260937 0.185185
0 0.128125 0.389352 0.116146 0.131481
0 0.180339 0.259954 0.116406 0.121759
0 0.425651 0.118519 0.387240 0.203704
0 0.611328 0.137963 0.015885 0.026852
0 0.099479 0.866667 0.197396 0.239815
0 0.827865 0.979630 0.051562 0.040741
0 0.976432 0.976157 0.047135 0.047685
0 0.963411 0.507176 0.073177 0.109722
0 0.980990 0.565972 0.038021 0.067130
0 0.977344 0.034954 0.045312 0.067130
