0 0.432682 0.388194 0.059115 0.059722
0 0.492448 0.300000 0.046875 0.054630
0 0.502083 0.158565 0.039062 0.049537
0 0.519531 0.077315 0.052604 0.050926
0 0.239063 0.413657 0.093750 0.077315
0 0.046354 0.595602 0.087500 0.092130
0 0.151172 0.709954 0.045573 0.072685
0 0.257292 0.849769 0.024479 0.034722
0 0.235807 0.357176 0.013281 0.018981
0 0.126172 0.083333 0.013802 0.012037
0 0.127083 0.101852 0.010417 0.020370
0 0.648958 0.192824 0.044792 0.068981
0 0.565234 0.224306 0.042969 0.060648
0 0.720182 0.354630 0.019531 0.023148
0 0.828385 0.264352 0.136458 0.146296
0 0.920703 0.221065 0.051302 0.063426
0 0.959766 0.165278 0.028906 0.046296
0 0.795182 0.516898 0.055469 0.068056
0 0.725130 0.645602 0.053906 0.063426
0 0.973958 0.865278 0.010937 0.015741
0 0.975651 0.807870 0.006510 0.013889
0 0.963151 0.330556 0.073698 0.127778
0 0.678776 0.010880 0.024219 0.020833
