0 0.489063 0.464352 0.394271 0.332407
0 0.764453 0.562037 0.192969 0.233333
0 0.490234 0.678472 0.058073 0.056944
0 0.196875 0.662269 0.027604 0.042130
0 0.287630 0.276157 0.028385 0.047685
0 0.381380 0.226620 0.016406 0.025463
0 0.596094 0.322917 0.029167 0.048611
0 0.747396 0.294444 0.105208 0.126852
0 0.739193 0.337037 0.027344 0.048148
0 0.632682 0.685417 0.021615 0.036574
0 0.636198 0.728241 0.012500 0.019444
0 0.654687 0.873611 0.083333 0.106481
0 0.880599 0.291435 0.088281 0.141204
0 0.837760 0.101852 0.101562 0.092593
0 0.969922 0.152315 0.060156 0.150000
0 0.113151 0.188194 0.099740 0.123611
0 0.119661 0.063194 0.096615 0.125463
0 0.155469 0.048611 0.042188 0.049074
0 0.024089 0.347685 0.047656 0.087963
0 0.694922 0.956019 0.023177 0.017593
0 0.679557 0.943287 0.012240 0.013426
0 0.729167 0.975000 0.011979 0.015741
0 0.832031 0.870370 0.117708 0.195370
0 0.779167 0.938426 0.022396 0.013889
0 0.919271 0.942130 0.071354 0.055556
0 0.977344 0.890741 0.026562 0.026852
0 0.985286 0.953472 0.022656 0.050463
0 0.959505 0.678009 0.080990 0.152315
0 0.913672 0.531481 0.011719 0.012963
