0 0.611589 0.845370 0.140885 0.149074
0 0.593490 0.758565 0.017708 0.027315
0 0.463411 0.932870 0.009635 0.019444
0 0.925781 0.985417 0.020313 0.028241
0 0.915625 0.817593 0.168750 0.191667
0 0.893359 0.534722 0.162760 0.210185
0 0.866797 0.310648 0.028906 0.032407
0 0.784896 0.355324 0.020833 0.039352
0 0.845573 0.245139 0.042188 0.084722
0 0.885807 0.218056 0.020052 0.022222
0 0.691536 0.361111 0.016927 0.018519
0 0.196875 0.856944 0.017188 0.022222
0 0.252474 0.646296 0.095052 0.117593
0 0.195312 0.393519 0.142708 0.145370
0 0.339974 0.303009 0.030990 0.027315
0 0.428646 0.118056 0.061458 0.111111
0 0.462891 0.051157 0.009635 0.015278
0 0.396745 0.131481 0.009115 0.014815
0 0.231641 0.031713 0.069010 0.046759
0 0.116536 0.043981 0.036198 0.043519
0 0.040365 0.099769 0.080208 0.085648
0 0.040104 0.366898 0.079687 0.068056
0 0.089323 0.890972 0.177083 0.192130
0 0.105469 0.974074 0.111458 0.051852
