0 0.543490 0.321991 0.207292 0.239352
0 0.458854 0.368981 0.078125 0.091667
0 0.413542 0.211806 0.029687 0.030093
0 0.430859 0.078472 0.025781 0.036574
0 0.528776 0.137269 0.018490 0.018981
0 0.703385 0.057639 0.172396 0.112500
0 0.963411 0.393519 0.073177 0.090741
0 0.948047 0.276389 0.103906 0.093519
0 0.537109 0.571759 0.096615 0.068519
0 0.623047 0.575231 0.015885 0.020833
0 0.940365 0.683102 0.030208 0.041204
0 0.958984 0.908333 0.082031 0.171296
0 0.877604 0.895602 0.016667 0.025463
0 0.926693 0.969676 0.055469 0.043981
0 0.840755 0.958565 0.066406 0.082870
0 0.114323 0.957870 0.125521 0.084259
0 0.330990 0.949306 0.029687 0.030093
0 0.169922 0.966204 0.014323 0.019444
0 0.139974 0.073148 0.279427 0.145370
0 0.458854 0.569213 0.917188 0.861574
0 0.022786 0.766435 0.045052 0.056019
