0 0.466927 0.402778 0.121354 0.113889
0 0.560937 0.552546 0.071354 0.059722
0 0.635417 0.361574 0.056250 0.127778
0 0.315234 0.571296 0.054427 0.051852
0 0.243750 0.635185 0.033333 0.046296
0 0.192188 0.688426 0.106250 0.167593
0 0.114453 0.694907 0.058594 0.082407
0 0.048698 0.720370 0.095833 0.163889
0 0.058203 0.538657 0.102344 0.116204
0 0.577734 0.701852 0.090365 0.093519
0 0.697266 0.610185 0.051823 0.083333
0 0.748828 0.737963 0.014844 0.021296
0 0.595182 0.868981 0.032552 0.029630
0 0.782161 0.910648 0.210156 0.158333
0 0.968229 0.948611 0.026042 0.042593
0 0.931120 0.911574 0.020573 0.023148
0 0.958724 0.602083 0.082552 0.183796
0 0.863802 0.562037 0.019271 0.020370
0 0.786198 0.432870 0.006771 0.010185
0 0.775130 0.441204 0.006510 0.015741
0 0.767708 0.449306 0.006771 0.010648
0 0.702865 0.429630 0.072396 0.049074
0 0.280859 0.155787 0.102344 0.147685
0 0.244401 0.302083 0.048177 0.081019
0 0.155469 0.212731 0.176042 0.153241
0 0.533724 0.065741 0.072135 0.044444
0 0.536979 0.025926 0.089063 0.050926
0 0.463932 0.008796 0.051302 0.014815
0 0.700911 0.151157 0.108594 0.090278
0 0.739323 0.092130 0.070833 0.052778
0 0.773047 0.195833 0.067448 0.072222
0 0.837109 0.310185 0.046615 0.096296
0 0.860026 0.398611 0.021094 0.054630
0 0.873698 0.386574 0.015104 0.029630
0 0.876302 0.361806 0.030208 0.039352
0 0.989714 0.075231 0.020573 0.052315
0 0.952604 0.037731 0.051562 0.066204
0 0.135156 0.077778 0.269792 0.151852
0 0.092578 0.286343 0.116927 0.158796
