0 0.521745 0.526157 0.083073 0.126389
0 0.589583 0.753704 0.051562 0.085185
0 0.500651 0.917593 0.011198 0.017593
0 0.311458 0.856250 0.107813 0.106019
0 0.226432 0.689352 0.078906 0.100000
0 0.440104 0.068056 0.081771 0.061111
0 0.469401 0.035648 0.029427 0.029630
0 0.491667 0.040509 0.014063 0.020833
0 0.933333 0.518287 0.024479 0.040278
0 0.896224 0.682176 0.017448 0.021759
0 0.952865 0.761111 0.015104 0.019444
0 0.787240 0.891435 0.022396 0.030093
0 0.982682 0.835417 0.034635 0.064352
0 0.127344 0.008565 0.010417 0.012500
