0 0.486198 0.346296 0.185417 0.171296
0 0.397917 0.186574 0.100000 0.141667
0 0.714323 0.265278 0.121875 0.148148
0 0.652083 0.563889 0.077083 0.070370
0 0.548958 0.575926 0.015104 0.021296
0 0.394010 0.595370 0.040625 0.063889
0 0.773958 0.674769 0.010417 0.014352
0 0.702214 0.721991 0.007031 0.006944
0 0.686458 0.794213 0.025000 0.022685
0 0.541146 0.828009 0.036458 0.040278
0 0.260156 0.389352 0.156250 0.099074
0 0.295703 0.498380 0.034115 0.037500
0 0.091536 0.547454 0.073177 0.079167
0 0.050651 0.347454 0.100781 0.153241
0 0.061458 0.619444 0.035937 0.025926
0 0.052083 0.682870 0.025000 0.027778
0 0.019922 0.685880 0.039323 0.090278
0 0.120443 0.891667 0.230990 0.216667
0 0.967448 0.593750 0.017708 0.018981
0 0.925521 0.954167 0.021875 0.023148
0 0.906250 0.163657 0.084896 0.091204
0 0.991927 0.306713 0.016146 0.101389
