0 0.247005 0.664583 0.073177 0.083796
0 0.266536 0.790046 0.053906 0.051389
0 0.413542 0.805787 0.015625 0.022685
0 0.418750 0.529861 0.026562 0.038426
0 0.547786 0.601620 0.053385 0.068981
0 0.629818 0.626852 0.070052 0.079630
0 0.556250 0.465741 0.049479 0.050000
0 0.577344 0.491898 0.036979 0.041204
0 0.608724 0.470139 0.021094 0.030093
0 0.774219 0.947454 0.027083 0.045833
0 0.809505 0.942361 0.044010 0.044907
0 0.798828 0.303704 0.054427 0.045370
0 0.772526 0.372917 0.060677 0.067130
0 0.719141 0.386111 0.049219 0.043519
0 0.927083 0.590972 0.044271 0.066204
0 0.983984 0.757870 0.015365 0.025926
0 0.994922 0.799074 0.010156 0.041667
0 0.934245 0.122685 0.058594 0.074074
0 0.929688 0.021296 0.109896 0.041667
0 0.055208 0.193981 0.093229 0.125926
0 0.030729 0.293056 0.060937 0.149074
0 0.007812 0.423843 0.015104 0.042130
