0 0.530208 0.738889 0.332292 0.264815
0 0.580469 0.892824 0.021354 0.028241
0 0.738932 0.871296 0.061198 0.069444
0 0.452474 0.983102 0.049219 0.033796
0 0.320573 0.641898 0.031250 0.043981
0 0.194792 0.636111 0.186458 0.194444
0 0.038281 0.778472 0.037500 0.040278
0 0.233724 0.485417 0.054948 0.081944
0 0.222917 0.397917 0.057813 0.068056
0 0.321875 0.265046 0.080729 0.082870
0 0.510938 0.384028 0.031771 0.027315
0 0.086458 0.476620 0.096354 0.101389
0 0.023568 0.372222 0.046615 0.139815
0 0.218490 0.303472 0.025521 0.052315
0 0.192839 0.312037 0.021615 0.041667
0 0.229167 0.188194 0.010937 0.020833
0 0.237760 0.222685 0.013542 0.023148
0 0.206250 0.189815 0.011979 0.019444
0 0.495443 0.178935 0.198698 0.169907
0 0.651302 0.225000 0.061979 0.096296
0 0.682422 0.456481 0.085677 0.099074
0 0.620964 0.552315 0.009635 0.012963
0 0.773698 0.552778 0.030729 0.040741
0 0.772917 0.490509 0.013542 0.030093
0 0.789714 0.479630 0.022135 0.029630
0 0.750651 0.537963 0.027344 0.041667
0 0.882812 0.466204 0.011458 0.019444
