0 0.879167 0.473611 0.071354 0.081481
0 0.879297 0.598611 0.035677 0.058333
0 0.896354 0.561574 0.015625 0.021296
0 0.938672 0.323843 0.032552 0.065278
0 0.914062 0.365741 0.011458 0.018519
0 0.902083 0.335648 0.018750 0.029630
0 0.722135 0.271991 0.020833 0.035648
0 0.745313 0.246759 0.013021 0.014815
0 0.564974 0.555324 0.025260 0.035648
0 0.448828 0.187731 0.183594 0.143981
0 0.521484 0.081944 0.037240 0.028704
0 0.367708 0.132870 0.020313 0.025926
0 0.325521 0.140972 0.034375 0.042130
0 0.398698 0.259954 0.051562 0.054167
0 0.471354 0.311574 0.019792 0.024074
0 0.301823 0.238194 0.034896 0.039352
0 0.329297 0.227315 0.013802 0.018519
0 0.218229 0.271528 0.051562 0.027315
0 0.229427 0.359954 0.058854 0.053241
0 0.119141 0.291435 0.090365 0.092130
0 0.056771 0.022222 0.044792 0.043519
0 0.713802 0.019213 0.022396 0.034722
0 0.250781 0.111111 0.054688 0.045370
