0 0.621875 0.554630 0.108854 0.140741
0 0.709766 0.620833 0.067448 0.064815
0 0.791667 0.595833 0.082292 0.123148
0 0.878516 0.701620 0.036719 0.046759
0 0.895052 0.485185 0.146354 0.134259
0 0.957943 0.341898 0.026823 0.029167
0 0.859375 0.366435 0.134375 0.146759
0 0.533984 0.324306 0.045052 0.056944
0 0.540365 0.268981 0.033854 0.051852
0 0.357161 0.456019 0.058073 0.042593
0 0.983203 0.186343 0.033594 0.096759
0 0.413411 0.096991 0.052865 0.067130
0 0.450260 0.153704 0.079687 0.048148
0 0.499740 0.130324 0.064062 0.066204
0 0.294792 0.148380 0.072917 0.063426
0 0.633724 0.109259 0.035677 0.055556
0 0.691406 0.067593 0.094792 0.134259
0 0.477865 0.012731 0.046875 0.024537
0 0.557813 0.018287 0.034896 0.035648
0 0.576823 0.006713 0.024479 0.012500
