0 0.327734 0.675463 0.228906 0.287963
0 0.216016 0.769213 0.029948 0.040278
0 0.456641 0.860880 0.112760 0.081019
0 0.525391 0.739583 0.116927 0.095833
0 0.471354 0.634259 0.101562 0.137037
0 0.287109 0.486343 0.066927 0.044907
0 0.302995 0.532870 0.053385 0.047222
0 0.388932 0.423843 0.070052 0.046759
0 0.392318 0.364120 0.025260 0.026389
0 0.105469 0.407176 0.210417 0.225463
0 0.028385 0.263426 0.056250 0.086111
0 0.235677 0.206713 0.196875 0.167130
0 0.205078 0.049306 0.154427 0.075463
0 0.409766 0.136574 0.208594 0.154630
0 0.536328 0.091667 0.160677 0.179630
0 0.336719 0.011574 0.033854 0.020370
0 0.678255 0.033333 0.077865 0.060185
0 0.654557 0.221528 0.387240 0.316204
0 0.776953 0.310417 0.078906 0.105093
0 0.841016 0.286111 0.051823 0.081481
0 0.844010 0.207176 0.040625 0.069907
0 0.656120 0.447685 0.212240 0.179630
0 0.796224 0.399769 0.067969 0.065278
0 0.865755 0.436806 0.063281 0.051389
0 0.672786 0.611111 0.149740 0.156481
0 0.814974 0.566204 0.117448 0.121296
0 0.907161 0.113889 0.176823 0.224074
0 0.918229 0.213657 0.017188 0.023611
0 0.982422 0.041435 0.035156 0.073611
0 0.769661 0.011806 0.039323 0.022685
0 0.903255 0.450694 0.193490 0.335648
0 0.984115 0.253472 0.031771 0.053241
0 0.778776 0.819676 0.442448 0.360648
0 0.065625 0.094213 0.045833 0.048611
