0 0.603255 0.575463 0.082552 0.084259
0 0.634245 0.712963 0.043490 0.066667
0 0.779818 0.693981 0.027344 0.028704
0 0.797917 0.736111 0.020313 0.031481
0 0.878646 0.488194 0.053125 0.068981
0 0.745964 0.435648 0.060677 0.062037
0 0.951562 0.499769 0.035937 0.048611
0 0.891276 0.392130 0.025260 0.030556
0 0.877604 0.366435 0.048958 0.045833
0 0.320964 0.343981 0.050260 0.068519
0 0.339453 0.222222 0.112240 0.156481
0 0.383854 0.139583 0.098958 0.103241
0 0.259375 0.114583 0.060417 0.056019
0 0.154688 0.252778 0.053646 0.045370
0 0.205469 0.098148 0.031771 0.035185
0 0.222786 0.243519 0.013281 0.016667
0 0.209896 0.243750 0.013021 0.018056
0 0.199349 0.235185 0.009635 0.015741
0 0.095052 0.515278 0.116146 0.184259
0 0.048828 0.611343 0.015885 0.033796
0 0.059766 0.318287 0.119010 0.119907
0 0.022266 0.421296 0.044010 0.072222
0 0.035417 0.173843 0.069271 0.090278
