0 0.865755 0.865972 0.157031 0.212500
0 0.551693 0.820602 0.118490 0.081019
0 0.582031 0.918287 0.033333 0.056019
0 0.299089 0.976852 0.060156 0.046296
0 0.669010 0.382407 0.093229 0.109259
0 0.471354 0.531250 0.032813 0.038426
0 0.503516 0.398611 0.028906 0.029630
0 0.320703 0.303935 0.082031 0.093981
0 0.121224 0.353241 0.129427 0.103704
0 0.034635 0.691898 0.056250 0.070833
0 0.711849 0.175926 0.054948 0.066667
0 0.768229 0.337500 0.053646 0.071296
0 0.889062 0.244676 0.044271 0.058796
0 0.970833 0.222917 0.015104 0.018981
0 0.858203 0.319444 0.010677 0.012963
0 0.937630 0.057639 0.068490 0.068056
0 0.829297 0.026389 0.064844 0.051852
0 0.831120 0.061806 0.022135 0.020833
0 0.292448 0.028704 0.066667 0.056481
