0 0.051432 0.791667 0.041927 0.050926
0 0.054167 0.969444 0.034896 0.022222
0 0.146354 0.995139 0.019792 0.009722
0 0.128516 0.963889 0.005469 0.009259
0 0.163151 0.340741 0.037240 0.032407
0 0.182682 0.279861 0.011198 0.016204
0 0.257292 0.166667 0.025000 0.029630
0 0.282161 0.036806 0.038802 0.040278
0 0.243620 0.067824 0.038281 0.041204
0 0.651823 0.453009 0.041146 0.042130
0 0.535417 0.398380 0.018229 0.019907
0 0.598047 0.636574 0.015365 0.022222
0 0.684896 0.277083 0.012500 0.015278
0 0.565625 0.225694 0.029167 0.022685
0 0.669922 0.136806 0.027344 0.031019
0 0.488021 0.984259 0.067187 0.031481
0 0.952474 0.624769 0.037760 0.040278
0 0.973437 0.506250 0.013021 0.019907
0 0.793750 0.722454 0.011458 0.014352
0 0.893620 0.988657 0.052865 0.022685
