0 0.414583 0.389815 0.064062 0.078704
0 0.411198 0.550926 0.018229 0.020370
0 0.355859 0.780093 0.039844 0.036111
0 0.231380 0.542130 0.013281 0.019444
0 0.188672 0.470139 0.017448 0.018981
0 0.546615 0.950926 0.059896 0.098148
0 0.247396 0.981250 0.039062 0.037500
0 0.089323 0.977778 0.040104 0.044444
0 0.004036 0.952315 0.007552 0.044444
0 0.015885 0.829630 0.030729 0.065741
0 0.831901 0.805093 0.132031 0.116667
0 0.896094 0.889352 0.179167 0.197222
0 0.988151 0.923380 0.023698 0.068056
0 0.826042 0.612269 0.031250 0.060648
0 0.946875 0.610880 0.020833 0.033796
0 0.964714 0.600463 0.013802 0.027778
0 0.979557 0.606250 0.014323 0.024537
0 0.873437 0.547222 0.047396 0.058333
0 0.891667 0.472454 0.021354 0.035648
0 0.917969 0.458565 0.014583 0.029167
0 0.941667 0.311343 0.050000 0.065278
0 0.843099 0.234722 0.095052 0.093519
0 0.783073 0.239815 0.055208 0.083333
0 0.788281 0.300000 0.089583 0.075926
0 0.977344 0.205324 0.045312 0.043981
0 0.937109 0.117361 0.107031 0.070833
0 0.837760 0.083102 0.027083 0.033796
0 0.877214 0.027546 0.046094 0.038426
0 0.924349 0.012963 0.051302 0.022222
0 0.969141 0.013657 0.035156 0.026389
0 0.571354 0.133565 0.060417 0.084722
0 0.287891 0.207639 0.209635 0.185648
0 0.416016 0.174306 0.135156 0.135648
0 0.279818 0.347222 0.107552 0.120370
0 0.169141 0.370370 0.087760 0.071296
0 0.176042 0.298843 0.060417 0.049537
0 0.125651 0.170833 0.110677 0.141667
0 0.048047 0.354630 0.095052 0.139815
0 0.028776 0.056250 0.056510 0.066204
