0 0.272135 0.870833 0.035417 0.072222
0 0.368620 0.865278 0.076823 0.069444
0 0.406901 0.817824 0.022135 0.022685
0 0.232552 0.963194 0.023438 0.023611
0 0.159505 0.897685 0.022135 0.040741
0 0.158594 0.943519 0.025000 0.050926
0 0.111458 0.786806 0.177604 0.188426
0 0.005599 0.957870 0.010156 0.034259
0 0.010547 0.778472 0.020052 0.095833
0 0.088411 0.596296 0.097656 0.112037
0 0.030859 0.590741 0.060156 0.134259
0 0.170182 0.334722 0.338802 0.337963
0 0.225260 0.225463 0.161458 0.162037
0 0.307031 0.205556 0.043750 0.041667
0 0.317578 0.481713 0.124740 0.132870
0 0.413932 0.367824 0.025260 0.028241
0 0.447917 0.464815 0.036979 0.046296
0 0.452604 0.405093 0.023958 0.025000
0 0.470443 0.422685 0.019010 0.031481
0 0.457682 0.624537 0.268490 0.247222
0 0.502734 0.793056 0.018490 0.020370
0 0.599609 0.834259 0.136719 0.127778
0 0.590234 0.904630 0.027865 0.032407
0 0.688802 0.856481 0.011458 0.028704
0 0.776693 0.823148 0.026823 0.042593
0 0.935417 0.976157 0.042188 0.047685
0 0.934115 0.924074 0.046875 0.061111
0 0.902734 0.818287 0.194531 0.100463
0 0.858594 0.739815 0.076563 0.070370
0 0.968490 0.648380 0.020833 0.045833
0 0.708594 0.376852 0.468750 0.749074
0 0.977604 0.393056 0.044792 0.077778
0 0.945833 0.325000 0.055729 0.117593
0 0.984115 0.237963 0.031771 0.098148
0 0.941016 0.165972 0.046094 0.059722
0 0.978385 0.053935 0.043229 0.081019
0 0.410547 0.039120 0.101823 0.077315
0 0.205859 0.022454 0.315885 0.043981
