0 0.036589 0.860648 0.042969 0.035185
0 0.104818 0.854630 0.009635 0.012037
0 0.065885 0.859028 0.015625 0.028241
0 0.036198 0.894676 0.013021 0.017130
0 0.029427 0.912037 0.018229 0.025926
0 0.006771 0.917130 0.013021 0.028704
0 0.207552 0.850926 0.041667 0.033333
0 0.195182 0.956944 0.026302 0.028704
0 0.213021 0.956713 0.010417 0.017130
0 0.240234 0.857407 0.023698 0.031481
0 0.442318 0.779167 0.025781 0.033333
0 0.519661 0.970139 0.085677 0.059722
0 0.681120 0.886343 0.239323 0.227315
0 0.811979 0.925231 0.006250 0.006944
0 0.926042 0.993750 0.010417 0.012500
0 0.981510 0.784259 0.009375 0.010185
0 0.989062 0.724769 0.006771 0.012500
0 0.343229 0.595602 0.021354 0.035648
0 0.460026 0.399306 0.142448 0.184722
0 0.572786 0.585880 0.012240 0.016204
0 0.675521 0.642361 0.017708 0.018981
0 0.053385 0.039815 0.106250 0.078704
