0 0.773177 0.345833 0.227083 0.237963
0 0.528646 0.078935 0.276562 0.156944
0 0.034375 0.447222 0.043229 0.050926
0 0.083333 0.648148 0.010417 0.015741
0 0.111589 0.668750 0.009115 0.017130
0 0.159505 0.673148 0.011198 0.015741
0 0.106120 0.808102 0.029948 0.034722
0 0.127604 0.805787 0.012500 0.017130
0 0.140755 0.800694 0.008073 0.014352
0 0.153385 0.800463 0.009896 0.010185
0 0.137240 0.884491 0.007812 0.011574
0 0.051562 0.933796 0.102604 0.132407
0 0.510677 0.969676 0.076563 0.060648
0 0.680339 0.978935 0.015885 0.020833
0 0.902474 0.637500 0.019010 0.020370
0 0.855208 0.706019 0.010417 0.016667
