0 0.030599 0.915046 0.060677 0.088426
0 0.028776 0.974769 0.057031 0.050463
0 0.199609 0.966435 0.032552 0.027315
0 0.325130 0.853472 0.065365 0.069907
0 0.366797 0.945833 0.070052 0.075926
0 0.396875 0.758102 0.014583 0.017130
0 0.453385 0.752546 0.052083 0.060648
0 0.461589 0.903009 0.010156 0.012500
0 0.451823 0.960185 0.020313 0.012963
0 0.422135 0.973611 0.011979 0.029630
0 0.560807 0.862500 0.014844 0.013889
0 0.651953 0.994213 0.063802 0.011574
0 0.899349 0.709028 0.201302 0.197685
0 0.783594 0.560185 0.074479 0.091667
0 0.834896 0.541435 0.024479 0.029167
0 0.838932 0.477778 0.027344 0.023148
0 0.853776 0.402315 0.069531 0.070370
0 0.783333 0.221065 0.110937 0.156019
0 0.957552 0.221759 0.084896 0.077778
0 0.654167 0.433565 0.052083 0.045833
0 0.046745 0.410417 0.013802 0.014352
0 0.263151 0.665972 0.030469 0.032870
0 0.365365 0.034259 0.021354 0.034259
