0 0.407552 0.978009 0.044792 0.043981
0 0.270443 0.609259 0.150260 0.166667
0 0.349219 0.503472 0.038021 0.039352
0 0.104557 0.192361 0.042969 0.048611
0 0.210938 0.050000 0.072917 0.070370
0 0.458984 0.023611 0.040365 0.046296
0 0.704167 0.244444 0.188021 0.091667
0 0.636458 0.408796 0.119271 0.137037
0 0.859115 0.583102 0.178125 0.205093
0 0.947005 0.655324 0.009115 0.012500
0 0.992969 0.642130 0.007292 0.013889
0 0.996354 0.722917 0.007292 0.028241
0 0.702214 0.753241 0.006510 0.011111
0 0.625651 0.637500 0.010156 0.021296
0 0.530990 0.803472 0.016667 0.016204
0 0.904167 0.240278 0.155208 0.195370
