0 0.262891 0.714815 0.060677 0.064815
0 0.427995 0.964815 0.152344 0.070370
0 0.278516 0.378472 0.146615 0.178241
0 0.143620 0.297917 0.061198 0.075463
0 0.607161 0.387731 0.105469 0.149537
0 0.699479 0.403704 0.038542 0.072222
0 0.678385 0.834722 0.103125 0.087963
0 0.749740 0.949074 0.068750 0.060185
0 0.779687 0.989815 0.039583 0.020370
0 0.755599 0.991667 0.009635 0.012963
0 0.745313 0.263889 0.086458 0.082407
0 0.707812 0.230324 0.022917 0.023611
0 0.618229 0.124306 0.136458 0.247685
0 0.615104 0.279398 0.077083 0.058796
0 0.548438 0.323148 0.080729 0.056481
0 0.448047 0.093519 0.115365 0.083333
0 0.530599 0.153009 0.014844 0.020833
0 0.286458 0.238194 0.509375 0.474537
0 0.755208 0.055324 0.254167 0.108796
0 0.813411 0.121759 0.033594 0.033333
0 0.887891 0.098148 0.086719 0.170370
0 0.966016 0.137731 0.067969 0.113426
0 0.984635 0.454398 0.030729 0.108796
0 0.976562 0.606019 0.046875 0.105556
0 0.897135 0.907407 0.019792 0.029630
0 0.808984 0.457407 0.012760 0.014815
