0 0.222917 0.683102 0.132292 0.214352
0 0.078255 0.818287 0.149219 0.147685
0 0.029687 0.917361 0.057813 0.096759
0 0.080339 0.711343 0.060677 0.075463
0 0.028646 0.644676 0.055729 0.056019
0 0.127214 0.558796 0.073698 0.089815
0 0.279427 0.503704 0.085938 0.095370
0 0.208854 0.422222 0.029687 0.041667
0 0.077344 0.443750 0.058854 0.095833
0 0.037630 0.445602 0.024740 0.034722
0 0.322917 0.415741 0.141146 0.127778
0 0.186849 0.270602 0.059635 0.068056
0 0.125911 0.203009 0.040365 0.085648
0 0.042448 0.215046 0.074479 0.106019
0 0.043490 0.312037 0.085938 0.102778
0 0.044271 0.047917 0.088021 0.091204
0 0.162240 0.044213 0.149479 0.087500
0 0.252083 0.973611 0.145833 0.052778
0 0.245964 0.935417 0.010677 0.016204
0 0.415625 0.840741 0.251563 0.180556
0 0.484766 0.771065 0.071615 0.081019
0 0.571484 0.852315 0.020052 0.027778
0 0.505599 0.970833 0.034635 0.028704
0 0.445573 0.988657 0.032292 0.022685
0 0.431901 0.706944 0.040885 0.043519
0 0.475130 0.668519 0.063802 0.045370
0 0.423438 0.673148 0.020313 0.022222
0 0.407552 0.617361 0.016667 0.021759
0 0.371875 0.675926 0.041667 0.046296
0 0.552214 0.692361 0.122656 0.121759
0 0.643359 0.615509 0.052344 0.093056
0 0.730078 0.739352 0.147656 0.133333
0 0.774349 0.508333 0.212240 0.275000
0 0.675781 0.456019 0.029167 0.041667
0 0.519401 0.416667 0.211198 0.239815
0 0.618750 0.242593 0.762500 0.482407
0 0.954948 0.065972 0.090104 0.129167
0 0.692839 0.081713 0.037240 0.041204
0 0.734766 0.125926 0.025260 0.025000
0 0.883203 0.030556 0.044010 0.045370
0 0.916276 0.756250 0.075260 0.066204
0 0.957031 0.631944 0.085938 0.112963
0 0.869792 0.876157 0.260417 0.247685
0 0.629427 0.953472 0.153646 0.093056
