0 0.205339 0.921991 0.016406 0.023611
0 0.218359 0.924537 0.005990 0.005556
0 0.182422 0.831944 0.003906 0.005556
0 0.246875 0.814120 0.007812 0.013426
0 0.532161 0.801157 0.013802 0.012500
0 0.501042 0.810880 0.007292 0.009722
0 0.607552 0.951157 0.011458 0.017130
0 0.668750 0.877083 0.005729 0.007870
0 0.679297 0.871296 0.008073 0.012963
0 0.706771 0.859954 0.010417 0.012500
0 0.742839 0.906481 0.039323 0.028704
0 0.723307 0.975463 0.027865 0.016667
0 0.742578 0.975463 0.012240 0.012963
0 0.741146 0.942361 0.005208 0.007870
0 0.769792 0.850926 0.009896 0.012037
0 0.819141 0.837963 0.016927 0.029630
0 0.869531 0.824769 0.040104 0.037500
0 0.860677 0.917824 0.027083 0.033796
0 0.891536 0.912963 0.011198 0.014815
0 0.861979 0.944213 0.013021 0.011574
0 0.902865 0.956713 0.017188 0.018056
0 0.895703 0.977546 0.025781 0.023611
0 0.831641 0.645370 0.013802 0.020370
0 0.829167 0.675463 0.008854 0.014815
0 0.857943 0.680324 0.013281 0.015278
0 0.879557 0.628935 0.022135 0.030093
0 0.836198 0.562269 0.015625 0.026389
0 0.423438 0.330093 0.086458 0.133333
0 0.367578 0.368981 0.035156 0.033333
0 0.937500 0.369676 0.080729 0.079167
0 0.991276 0.234259 0.017448 0.043519
0 0.941927 0.218750 0.007812 0.016204
0 0.849609 0.285185 0.021094 0.023148
0 0.989714 0.719444 0.020573 0.040741
0 0.989193 0.848843 0.013802 0.026389
0 0.996484 0.876852 0.007031 0.012963
