0 0.346224 0.723148 0.108073 0.158333
0 0.181380 0.783565 0.048698 0.066204
0 0.030339 0.911343 0.060156 0.062500
0 0.542057 0.815509 0.038281 0.052315
0 0.319010 0.216898 0.256250 0.213426
0 0.398568 0.134259 0.016927 0.037037
0 0.401562 0.427778 0.040625 0.039815
0 0.511198 0.199306 0.086979 0.076389
0 0.656771 0.097917 0.080729 0.096759
0 0.598307 0.164352 0.052344 0.069444
0 0.573307 0.103472 0.075260 0.088426
0 0.534505 0.047685 0.044531 0.050926
0 0.757292 0.034028 0.128125 0.067130
0 0.166276 0.358333 0.029427 0.038889
0 0.127474 0.394907 0.091406 0.061111
0 0.178125 0.429398 0.023438 0.039352
0 0.022656 0.391435 0.044792 0.056019
0 0.020703 0.327546 0.040365 0.056019
0 0.083333 0.271759 0.093229 0.129630
0 0.101432 0.159954 0.025781 0.036574
0 0.020313 0.034028 0.040104 0.057870
