0 0.236719 0.775926 0.200000 0.120370
0 0.221224 0.859722 0.032552 0.047222
0 0.284635 0.664583 0.067708 0.093981
0 0.331510 0.622222 0.048438 0.052778
0 0.500781 0.680787 0.331771 0.124537
0 0.450130 0.826852 0.224219 0.142593
0 0.554297 0.939352 0.067448 0.079630
0 0.511068 0.939352 0.017969 0.023148
0 0.473177 0.983796 0.040625 0.032407
0 0.701432 0.603241 0.114844 0.179630
0 0.801562 0.614815 0.124479 0.172222
0 0.823438 0.478935 0.110937 0.124537
0 0.857552 0.888657 0.140104 0.135648
0 0.779818 0.913657 0.030469 0.040278
0 0.291406 0.988889 0.046354 0.022222
0 0.983333 0.625000 0.033333 0.061111
0 0.995313 0.686574 0.008854 0.012963
0 0.941927 0.447454 0.116146 0.110648
0 0.971615 0.303472 0.056771 0.096759
0 0.905729 0.261111 0.021875 0.027778
0 0.956901 0.174306 0.086198 0.081944
0 0.980208 0.037500 0.039583 0.074074
0 0.868099 0.031481 0.105990 0.062037
0 0.827734 0.066667 0.025260 0.032407
0 0.866667 0.113194 0.117708 0.116204
0 0.765104 0.177778 0.142187 0.220370
0 0.702214 0.199306 0.048698 0.088426
0 0.632422 0.132870 0.102344 0.070370
0 0.645703 0.074074 0.043490 0.044444
0 0.653776 0.009491 0.032552 0.018056
0 0.694531 0.009722 0.029687 0.017593
0 0.744401 0.017593 0.054427 0.034259
0 0.806510 0.007870 0.019792 0.014815
0 0.555339 0.135417 0.045573 0.030093
0 0.578516 0.170370 0.060677 0.052778
0 0.600391 0.241435 0.053385 0.091204
0 0.640625 0.261806 0.028646 0.043056
0 0.659245 0.221296 0.033594 0.034259
0 0.669922 0.253472 0.016927 0.026389
0 0.678906 0.264583 0.015625 0.018981
0 0.689844 0.247454 0.023958 0.028241
0 0.706120 0.277546 0.056510 0.054167
0 0.658984 0.335880 0.062240 0.099537
0 0.702865 0.380787 0.021875 0.029167
0 0.664844 0.412269 0.053125 0.076389
0 0.617448 0.437963 0.043750 0.053704
0 0.532031 0.275926 0.125521 0.104630
0 0.516276 0.190278 0.061719 0.075926
0 0.473568 0.067130 0.118490 0.132407
0 0.447656 0.184259 0.067187 0.084259
0 0.438802 0.532407 0.112500 0.112037
0 0.333594 0.547685 0.021354 0.025926
0 0.229036 0.518519 0.049740 0.065741
0 0.190495 0.518056 0.030469 0.039815
0 0.089323 0.599074 0.178125 0.276852
0 0.043750 0.831250 0.028646 0.033796
0 0.173568 0.367130 0.027344 0.062037
0 0.032422 0.367593 0.063802 0.087037
0 0.486719 0.369213 0.166667 0.156019
0 0.546224 0.331019 0.015885 0.018519
0 0.369792 0.331944 0.127083 0.169444
0 0.332161 0.213657 0.145052 0.174537
0 0.199740 0.218750 0.215104 0.295833
0 0.248958 0.065278 0.124479 0.126852
0 0.106641 0.043750 0.157031 0.083796
0 0.039714 0.066435 0.078906 0.131944
0 0.050781 0.194444 0.076042 0.076852
