0 0.410677 0.579630 0.044792 0.030556
0 0.336979 0.586806 0.012500 0.018056
0 0.272656 0.825231 0.018750 0.019907
0 0.086589 0.937269 0.019010 0.031019
0 0.576823 0.892824 0.033333 0.037500
0 0.898828 0.885648 0.054427 0.060185
0 0.718490 0.687500 0.013021 0.020370
0 0.811328 0.525000 0.035677 0.085185
0 0.626172 0.521065 0.018490 0.015278
0 0.715234 0.350000 0.163802 0.177778
0 0.798698 0.418750 0.142708 0.141204
0 0.932682 0.431481 0.090365 0.117593
0 0.584896 0.323611 0.139583 0.132407
0 0.480859 0.417824 0.008594 0.015278
0 0.389323 0.300463 0.059896 0.062963
0 0.388542 0.194444 0.100521 0.105556
0 0.199870 0.307176 0.071615 0.100463
0 0.247005 0.294444 0.012760 0.023148
0 0.068880 0.315972 0.027865 0.038426
0 0.232682 0.132870 0.052344 0.069444
0 0.082292 0.141435 0.118750 0.109722
0 0.537370 0.200463 0.070052 0.060185
0 0.588802 0.028935 0.110937 0.056944
0 0.289844 0.022685 0.100000 0.044444
