0 0.414583 0.068750 0.214062 0.136574
0 0.467708 0.239352 0.059375 0.088889
0 0.408854 0.286806 0.122396 0.169907
0 0.330208 0.282639 0.073958 0.085648
0 0.301953 0.452546 0.020573 0.024537
0 0.256771 0.324074 0.093229 0.099074
0 0.203255 0.274537 0.028906 0.040741
0 0.224349 0.373843 0.027344 0.044907
0 0.124740 0.358565 0.031771 0.046759
0 0.157682 0.308333 0.021615 0.032407
0 0.047135 0.359259 0.042188 0.050926
0 0.071745 0.269213 0.076302 0.077315
0 0.044141 0.197917 0.026302 0.041204
0 0.038542 0.071991 0.076563 0.142130
0 0.016406 0.285185 0.032292 0.071296
0 0.004687 0.480324 0.008854 0.025463
0 0.105469 0.500463 0.194271 0.173148
0 0.084896 0.660648 0.169271 0.258333
0 0.160677 0.655556 0.033333 0.036111
0 0.041667 0.822454 0.082812 0.160648
0 0.028646 0.894213 0.010417 0.020833
0 0.211458 0.631944 0.085417 0.092593
0 0.416927 0.501157 0.043229 0.068056
0 0.311849 0.565741 0.212760 0.127778
0 0.362891 0.641204 0.021094 0.030556
0 0.499740 0.655556 0.036979 0.038889
0 0.432422 0.671991 0.126823 0.175463
0 0.558333 0.558796 0.238542 0.230556
0 0.661979 0.687731 0.052083 0.101389
0 0.493750 0.789583 0.309375 0.209722
0 0.605729 0.883102 0.023958 0.048611
0 0.630990 0.865509 0.016667 0.025463
0 0.254948 0.728935 0.036458 0.033796
0 0.229948 0.861806 0.405729 0.276389
0 0.521094 0.950231 0.178646 0.099537
0 0.604036 0.955093 0.055469 0.045370
0 0.731380 0.855093 0.119531 0.117593
0 0.772135 0.750694 0.040104 0.035648
0 0.701953 0.757176 0.013281 0.018056
0 0.885286 0.628009 0.079948 0.051389
0 0.735417 0.534954 0.021354 0.024537
0 0.793099 0.509259 0.218490 0.422222
0 0.830599 0.879398 0.073177 0.081944
0 0.754948 0.959722 0.219271 0.080556
0 0.901953 0.966435 0.099219 0.067130
0 0.922786 0.848148 0.154427 0.184259
0 0.988672 0.752315 0.022656 0.098148
0 0.959505 0.698380 0.080990 0.093056
0 0.980990 0.963657 0.038021 0.072685
0 0.981120 0.468519 0.037760 0.091667
0 0.936849 0.115046 0.076823 0.140278
0 0.970182 0.027778 0.059635 0.054630
0 0.823438 0.010648 0.038542 0.020370
