0 0.742969 0.037731 0.155208 0.074537
0 0.789974 0.078704 0.016406 0.022222
0 0.717578 0.092593 0.025781 0.036111
0 0.745573 0.078704 0.103125 0.068519
0 0.891276 0.114815 0.015365 0.025926
0 0.785547 0.244907 0.125260 0.148148
0 0.518880 0.318519 0.021094 0.025926
0 0.554036 0.271296 0.011719 0.022222
0 0.592578 0.231481 0.029427 0.039815
0 0.615495 0.321991 0.034635 0.039352
0 0.672526 0.268981 0.112760 0.114815
0 0.639193 0.221528 0.026302 0.040278
0 0.703776 0.381481 0.015885 0.020370
0 0.915495 0.445139 0.169010 0.167130
0 0.810286 0.413889 0.041406 0.032407
0 0.793099 0.466667 0.051823 0.056481
0 0.844661 0.551852 0.107031 0.157407
0 0.899609 0.516667 0.035156 0.051852
0 0.784115 0.533796 0.014063 0.024074
0 0.886979 0.642824 0.226042 0.207870
0 0.986198 0.698611 0.027604 0.051852
0 0.928646 0.866667 0.142708 0.266667
0 0.886719 0.935185 0.020313 0.033333
0 0.882552 0.962731 0.026042 0.026389
0 0.812370 0.899769 0.021615 0.032870
0 0.698698 0.487037 0.135417 0.108333
0 0.593359 0.602315 0.037240 0.035185
0 0.641536 0.575231 0.078906 0.087500
0 0.692969 0.648611 0.039583 0.026852
0 0.733594 0.572454 0.017188 0.036574
0 0.658724 0.740278 0.164323 0.120370
0 0.591927 0.835185 0.017708 0.024074
0 0.667708 0.863426 0.386979 0.273148
0 0.459505 0.238426 0.080469 0.075000
0 0.418229 0.170370 0.043750 0.062037
0 0.394141 0.268750 0.034115 0.059722
0 0.342057 0.271528 0.071094 0.068981
0 0.355208 0.308796 0.029167 0.023148
0 0.342448 0.353009 0.023438 0.026389
0 0.354687 0.396065 0.034896 0.058796
0 0.443099 0.331250 0.038281 0.059722
0 0.323437 0.603704 0.063542 0.112037
0 0.261849 0.534954 0.017969 0.032870
0 0.534115 0.460417 0.186979 0.164352
0 0.402474 0.594907 0.418490 0.370370
0 0.343620 0.789815 0.055990 0.107407
0 0.446224 0.806713 0.163802 0.171759
0 0.464714 0.907407 0.023177 0.023148
0 0.102734 0.790509 0.117969 0.125463
0 0.226953 0.758333 0.344010 0.475926
0 0.046094 0.898148 0.090104 0.203704
0 0.361458 0.060185 0.184896 0.112963
0 0.146354 0.053009 0.211458 0.105093
0 0.194401 0.187731 0.152865 0.143981
0 0.145703 0.310648 0.288802 0.529630
0 0.020964 0.718981 0.039323 0.042593
