0 0.812240 0.871296 0.213542 0.146296
0 0.657161 0.978704 0.032552 0.042593
0 0.476042 0.906944 0.104167 0.088889
0 0.632552 0.808333 0.033854 0.040741
0 0.616146 0.749306 0.015104 0.027315
0 0.589193 0.727546 0.041406 0.051389
0 0.485026 0.653472 0.165365 0.123611
0 0.428906 0.712500 0.065104 0.063889
0 0.489844 0.754167 0.045833 0.033333
0 0.420312 0.773843 0.020313 0.029167
0 0.415234 0.988657 0.036198 0.022685
0 0.367969 0.695602 0.029687 0.027315
0 0.591016 0.574306 0.024740 0.030093
0 0.470443 0.561574 0.021094 0.015741
0 0.438672 0.548611 0.024219 0.043519
0 0.678776 0.515741 0.020573 0.038889
0 0.798958 0.474537 0.029687 0.039815
0 0.792969 0.511343 0.053125 0.040278
0 0.839583 0.509491 0.040104 0.057870
0 0.878125 0.491667 0.036979 0.039815
0 0.904297 0.487963 0.013802 0.018519
0 0.818099 0.612037 0.012240 0.019444
0 0.790885 0.597222 0.004687 0.008333
0 0.811198 0.680556 0.007292 0.014815
0 0.835417 0.702546 0.010937 0.017130
0 0.858984 0.673611 0.015365 0.030556
0 0.914974 0.557639 0.011719 0.019907
0 0.268620 0.783565 0.023698 0.027315
0 0.268750 0.813657 0.034896 0.022685
0 0.243359 0.857407 0.014844 0.016667
0 0.159766 0.893519 0.032031 0.029630
0 0.035026 0.914352 0.069531 0.089815
0 0.008333 0.826852 0.016146 0.033333
0 0.004557 0.802778 0.008594 0.015741
0 0.045573 0.665278 0.090625 0.187037
0 0.131901 0.355324 0.051302 0.050463
0 0.047005 0.400231 0.057552 0.049537
