0 0.474870 0.332870 0.055469 0.064815
0 0.724609 0.544444 0.038802 0.039815
0 0.761458 0.652083 0.038542 0.056019
0 0.706250 0.744213 0.044271 0.047685
0 0.640625 0.764583 0.046875 0.056944
0 0.505729 0.748380 0.029167 0.031019
0 0.465885 0.625231 0.012500 0.017130
0 0.644271 0.462963 0.010417 0.013889
0 0.752214 0.171065 0.062760 0.092130
0 0.729036 0.234722 0.016406 0.030556
0 0.795703 0.274769 0.036719 0.032870
0 0.851432 0.257639 0.013802 0.018056
0 0.579557 0.267824 0.015365 0.021759
0 0.529818 0.990278 0.016406 0.017593
0 0.837891 0.816898 0.007552 0.012500
0 0.983724 0.462731 0.032552 0.038426
0 0.975391 0.156713 0.026823 0.025463
0 0.048698 0.546991 0.018229 0.024537
0 0.108464 0.596296 0.029948 0.044444
0 0.160547 0.582639 0.022656 0.028241
0 0.259505 0.473148 0.020052 0.029630
0 0.189193 0.450694 0.020573 0.018056
0 0.282813 0.470139 0.020313 0.033796
0 0.272266 0.278935 0.052865 0.050463
0 0.153776 0.235648 0.050260 0.037963
0 0.162760 0.844907 0.013542 0.020370
0 0.212891 0.947454 0.013802 0.020833
0 0.538932 0.155556 0.023177 0.033333
0 0.520703 0.017361 0.041406 0.033796
