0 0.945312 0.937731 0.109375 0.124537
0 0.953516 0.877778 0.042969 0.066667
0 0.966536 0.834028 0.010677 0.014352
0 0.943490 0.853472 0.009896 0.012500
0 0.947266 0.767824 0.014844 0.023611
0 0.972917 0.642130 0.054167 0.152778
0 0.896484 0.712731 0.028385 0.031019
0 0.925911 0.706713 0.009115 0.013426
0 0.814974 0.797685 0.006510 0.011111
0 0.870182 0.887037 0.019010 0.030556
0 0.906250 0.877546 0.011979 0.011574
0 0.840104 0.938426 0.059896 0.037963
0 0.635286 0.857639 0.051302 0.046759
0 0.702474 0.860185 0.012760 0.019444
0 0.713021 0.856481 0.010417 0.015741
0 0.774219 0.884722 0.016667 0.027778
0 0.757292 0.924769 0.019792 0.023611
0 0.886458 0.847454 0.005729 0.006944
0 0.885286 0.880324 0.004948 0.006019
0 0.875000 0.992130 0.020313 0.015741
0 0.755859 0.979630 0.075260 0.040741
0 0.756901 0.963194 0.012760 0.017130
0 0.811849 0.967824 0.011198 0.012500
0 0.477344 0.937731 0.036458 0.037500
0 0.450781 0.943519 0.019792 0.032407
0 0.411068 0.939120 0.013802 0.022685
0 0.468359 0.777778 0.013281 0.011111
0 0.445182 0.737269 0.014844 0.015278
0 0.454948 0.651852 0.015104 0.027778
0 0.589844 0.465741 0.096354 0.091667
0 0.496875 0.357176 0.021354 0.027315
0 0.681901 0.312037 0.035156 0.043519
0 0.897786 0.028935 0.145052 0.056944
0 0.772656 0.072917 0.008854 0.027315
0 0.792708 0.072454 0.012500 0.020833
0 0.610026 0.285880 0.022135 0.027315
0 0.642839 0.275926 0.019531 0.049074
0 0.046094 0.356019 0.091667 0.143519
0 0.009766 0.400926 0.019010 0.041667
