0 0.517578 0.841667 0.240365 0.275000
0 0.673047 0.747222 0.036719 0.079630
0 0.509375 0.640741 0.011979 0.027778
0 0.666146 0.242593 0.069271 0.055556
0 0.591797 0.126620 0.024740 0.038426
0 0.687760 0.046991 0.050521 0.061574
0 0.846224 0.343981 0.081510 0.117593
0 0.920052 0.467824 0.042708 0.042130
0 0.960417 0.173611 0.079167 0.090741
0 0.977344 0.959259 0.045312 0.081481
0 0.492969 0.277546 0.033854 0.034722
0 0.838411 0.016204 0.038802 0.028704
0 0.452083 0.128935 0.014063 0.031944
0 0.105990 0.076620 0.114583 0.106944
0 0.117969 0.524306 0.021875 0.032870
0 0.035677 0.712037 0.068750 0.087963
