0 0.300391 0.887037 0.339323 0.225926
0 0.158724 0.989352 0.055990 0.021296
0 0.316927 0.558333 0.303646 0.162037
0 0.473047 0.743750 0.122135 0.165278
0 0.557943 0.831250 0.100260 0.056019
0 0.619792 0.638889 0.134896 0.205556
0 0.692708 0.812731 0.083333 0.077315
0 0.913542 0.937731 0.042708 0.033796
0 0.453125 0.304861 0.107292 0.118981
0 0.407943 0.397917 0.141406 0.101389
0 0.596484 0.379398 0.162760 0.159722
0 0.758724 0.293056 0.060156 0.092593
0 0.209766 0.367361 0.088281 0.097685
0 0.056120 0.371296 0.110156 0.079630
0 0.149479 0.234954 0.070833 0.112500
0 0.091016 0.097685 0.030990 0.041667
0 0.038802 0.162269 0.026562 0.047685
0 0.502083 0.086806 0.309896 0.172685
0 0.802604 0.016667 0.056771 0.030556
0 0.989193 0.111574 0.021615 0.075000
0 0.994531 0.163657 0.010937 0.030093
0 0.964844 0.030324 0.070312 0.059722
