0 0.515365 0.271296 0.089583 0.122222
0 0.756771 0.032407 0.082292 0.063889
0 0.646094 0.117361 0.079167 0.074537
0 0.945312 0.578472 0.109375 0.108796
0 0.951302 0.839815 0.097396 0.096296
0 0.647266 0.944676 0.054948 0.069907
0 0.523177 0.876852 0.147396 0.132407
0 0.492839 0.943519 0.012240 0.014815
0 0.347917 0.883565 0.226562 0.205093
0 0.254948 0.771065 0.043229 0.066204
0 0.332943 0.961111 0.009115 0.014815
0 0.121094 0.843981 0.163021 0.129630
0 0.121094 0.906713 0.021875 0.040278
0 0.159245 0.979167 0.026302 0.030556
0 0.173568 0.985417 0.011719 0.015278
0 0.318359 0.970602 0.010156 0.019907
0 0.261849 0.533796 0.038802 0.062037
0 0.017708 0.477315 0.034896 0.077778
0 0.221224 0.543981 0.441927 0.423148
0 0.102474 0.706713 0.029948 0.026389
0 0.369271 0.410417 0.021354 0.028241
0 0.105208 0.178704 0.021354 0.031481
0 0.134896 0.067361 0.080729 0.103241
0 0.051953 0.017824 0.039323 0.034722
0 0.005990 0.032176 0.010937 0.028241
0 0.003385 0.005324 0.006250 0.009722
