0 0.530078 0.757639 0.304948 0.285648
0 0.961198 0.851157 0.064062 0.078241
0 0.799740 0.669444 0.040625 0.040741
0 0.755599 0.891435 0.057031 0.075463
0 0.751953 0.568519 0.025781 0.026852
0 0.591797 0.578472 0.010156 0.018056
0 0.125521 0.962500 0.067708 0.074074
0 0.291797 0.957639 0.079427 0.058796
0 0.242839 0.717130 0.085156 0.093519
0 0.344271 0.640741 0.054167 0.033333
0 0.276172 0.563426 0.100260 0.099074
0 0.280339 0.500463 0.016406 0.025000
0 0.209505 0.517130 0.060156 0.052778
0 0.152604 0.519213 0.057813 0.047685
0 0.173437 0.542824 0.010937 0.018056
0 0.095182 0.687731 0.189844 0.242130
0 0.031250 0.846296 0.031771 0.041667
0 0.048177 0.839352 0.019271 0.029630
0 0.593750 0.466667 0.070833 0.066667
0 0.609505 0.398380 0.055469 0.073611
0 0.501432 0.443981 0.014323 0.019444
0 0.493620 0.549306 0.008073 0.012500
0 0.577344 0.535648 0.008854 0.007407
0 0.397786 0.373380 0.023177 0.023611
0 0.399479 0.408796 0.019792 0.035185
0 0.499609 0.190046 0.998698 0.379167
0 0.830339 0.412037 0.053385 0.100000
0 0.883724 0.473380 0.017448 0.024537
