0 0.212891 0.656250 0.136719 0.218981
0 0.215495 0.407176 0.157552 0.155093
0 0.389714 0.357639 0.061719 0.103241
0 0.078125 0.746296 0.103125 0.139815
0 0.147135 0.834722 0.094271 0.052778
0 0.277604 0.856481 0.086979 0.062963
0 0.035807 0.931250 0.071094 0.122685
0 0.038411 0.583565 0.074740 0.122685
0 0.065234 0.372222 0.129948 0.184259
0 0.155469 0.103704 0.309896 0.203704
0 0.467057 0.071065 0.058594 0.056944
0 0.675781 0.089583 0.090625 0.074537
0 0.780990 0.227083 0.242188 0.231019
0 0.890495 0.049769 0.167448 0.096759
0 0.971354 0.275926 0.029687 0.045370
0 0.988411 0.324074 0.023177 0.053704
0 0.969401 0.409259 0.061198 0.159259
0 0.955859 0.544907 0.027865 0.032407
