0 0.413151 0.401389 0.228385 0.255556
0 0.704167 0.490278 0.045312 0.045370
0 0.765625 0.535417 0.026042 0.034722
0 0.910156 0.438426 0.024479 0.054630
0 0.779297 0.617130 0.026302 0.024074
0 0.822526 0.115741 0.036719 0.035185
0 0.502344 0.085880 0.045833 0.050463
0 0.093620 0.973843 0.066406 0.052315
0 0.077214 0.726852 0.009115 0.015741
0 0.122266 0.703472 0.007031 0.012500
0 0.060286 0.757639 0.006510 0.009722
0 0.039062 0.757176 0.005729 0.009722
0 0.016536 0.706019 0.008073 0.007407
0 0.003646 0.755093 0.006771 0.015741
0 0.104167 0.409491 0.023438 0.031944
0 0.234245 0.174537 0.016927 0.019444
0 0.185807 0.084954 0.264844 0.168056
0 0.530469 0.755324 0.025000 0.017130
0 0.844531 0.985185 0.071875 0.029630
