0 0.532682 0.568519 0.104948 0.065741
0 0.479687 0.881250 0.076563 0.088426
0 0.515104 0.839815 0.035937 0.047222
0 0.621094 0.828704 0.016667 0.014815
0 0.425521 0.968287 0.010417 0.016204
0 0.316667 0.603935 0.059375 0.075463
0 0.204427 0.925926 0.033854 0.020370
0 0.014453 0.558796 0.028385 0.036111
0 0.108203 0.333796 0.059115 0.083333
0 0.152474 0.290972 0.021094 0.023611
0 0.292448 0.387269 0.025521 0.047685
0 0.726953 0.269444 0.065885 0.081481
0 0.827344 0.318287 0.071875 0.084722
0 0.602474 0.228704 0.055990 0.059259
0 0.542057 0.213426 0.052865 0.061111
0 0.357292 0.024769 0.048438 0.046759
0 0.500260 0.005556 0.035937 0.010185
0 0.841016 0.650231 0.021615 0.018981
0 0.038932 0.042593 0.032552 0.037963
0 0.048438 0.065509 0.013021 0.007870
