0 0.704427 0.444907 0.084896 0.057407
0 0.769401 0.398380 0.024219 0.028241
0 0.828385 0.478935 0.045833 0.066204
0 0.730729 0.645833 0.013021 0.013889
0 0.772526 0.602083 0.008073 0.014352
0 0.797396 0.602778 0.011458 0.018519
0 0.596615 0.475463 0.010937 0.013889
0 0.566536 0.484028 0.011198 0.011574
0 0.846354 0.321296 0.095312 0.149074
0 0.919531 0.171759 0.150521 0.110185
0 0.967318 0.109028 0.065365 0.084722
0 0.791406 0.065741 0.061979 0.037037
0 0.495312 0.165509 0.368750 0.328241
0 0.447266 0.365046 0.019010 0.033796
0 0.397005 0.395139 0.014323 0.014352
0 0.371875 0.237963 0.030729 0.050926
0 0.384505 0.218981 0.014323 0.014815
0 0.303385 0.249769 0.105208 0.167130
0 0.200521 0.421991 0.116146 0.101389
0 0.217708 0.354167 0.051562 0.065741
0 0.079818 0.421528 0.040885 0.031944
0 0.967708 0.538657 0.014583 0.018981
0 0.044401 0.916898 0.019010 0.023611
0 0.054036 0.032407 0.107552 0.062037
0 0.016146 0.209028 0.031771 0.044907
0 0.105599 0.274306 0.159635 0.134722
0 0.074089 0.325463 0.147135 0.128704
0 0.012630 0.394444 0.024219 0.056481
0 0.384635 0.847917 0.009896 0.013426
