0 0.161719 0.890046 0.040104 0.042130
0 0.012109 0.737037 0.023698 0.069444
0 0.016146 0.818287 0.029687 0.077315
0 0.047656 0.479861 0.035417 0.048611
0 0.150521 0.259954 0.097917 0.075463
0 0.055469 0.178935 0.028646 0.026389
0 0.013542 0.202778 0.026562 0.065741
0 0.050911 0.260185 0.101302 0.107407
0 0.186068 0.108565 0.045052 0.056944
0 0.207031 0.182870 0.075521 0.093519
0 0.242708 0.252546 0.054167 0.070833
0 0.254557 0.165278 0.021615 0.044444
0 0.310677 0.177315 0.092708 0.112963
0 0.425651 0.074537 0.163281 0.145370
0 0.548568 0.039120 0.150781 0.077315
