0 0.519401 0.608796 0.084115 0.083333
0 0.555729 0.443287 0.023958 0.036574
0 0.571745 0.484954 0.023177 0.030093
0 0.605339 0.434491 0.040885 0.079167
0 0.502474 0.720370 0.025260 0.031481
0 0.509635 0.742361 0.033854 0.034722
0 0.530729 0.695602 0.012500 0.018056
0 0.394531 0.319676 0.011458 0.018056
0 0.368620 0.345370 0.023698 0.035185
0 0.377214 0.072917 0.027865 0.042130
0 0.055078 0.315278 0.045052 0.054630
0 0.142448 0.246296 0.094792 0.123148
0 0.058854 0.229398 0.065104 0.043056
0 0.185026 0.129167 0.023177 0.025000
0 0.056380 0.017361 0.036198 0.033796
0 0.826432 0.741204 0.017969 0.017593
0 0.825000 0.962269 0.015104 0.018056
0 0.864323 0.965741 0.006250 0.009259
0 0.863542 0.977546 0.005208 0.007870
