0 0.280339 0.385185 0.050781 0.053704
0 0.127734 0.276389 0.034115 0.070370
0 0.008333 0.686574 0.016146 0.066667
0 0.703385 0.363657 0.044271 0.032870
0 0.643880 0.318750 0.026823 0.052315
0 0.598698 0.487269 0.031771 0.033796
0 0.623307 0.079861 0.071615 0.072685
0 0.729818 0.043519 0.058594 0.086111
0 0.785547 0.083102 0.117969 0.087500
0 0.855859 0.238194 0.037760 0.044907
0 0.849609 0.204398 0.017448 0.027315
0 0.940755 0.429167 0.088281 0.087963
0 0.992057 0.309491 0.015365 0.029167
0 0.922396 0.053704 0.046354 0.070370
0 0.988411 0.028704 0.023177 0.037037
0 0.956250 0.007639 0.036979 0.014352
