0 0.685807 0.597222 0.241406 0.148148
0 0.784375 0.562037 0.040625 0.041667
0 0.603516 0.692593 0.032031 0.049074
0 0.568229 0.694676 0.012500 0.016204
0 0.882812 0.527083 0.151562 0.134722
0 0.911458 0.619907 0.040625 0.049074
0 0.893880 0.663889 0.046615 0.042593
0 0.978385 0.532870 0.043229 0.116667
0 0.996745 0.598148 0.006510 0.025000
0 0.985286 0.626852 0.029427 0.037963
0 0.967057 0.725463 0.021615 0.025000
0 0.953125 0.782407 0.093750 0.093519
0 0.933594 0.896528 0.132812 0.193981
0 0.023568 0.830787 0.045573 0.081019
0 0.213672 0.746528 0.061719 0.045833
0 0.706641 0.864120 0.321615 0.271759
0 0.546875 0.571065 0.200000 0.248611
0 0.641797 0.404630 0.048698 0.055556
0 0.607943 0.415741 0.022135 0.026852
0 0.970964 0.434259 0.029948 0.036111
0 0.371875 0.592361 0.088542 0.083796
0 0.421484 0.587037 0.034635 0.033333
0 0.418750 0.641204 0.031771 0.036111
0 0.286458 0.557639 0.027604 0.040278
0 0.283854 0.631250 0.126562 0.107870
0 0.388021 0.771065 0.282813 0.205093
0 0.345052 0.902778 0.022917 0.040741
0 0.381510 0.907407 0.629687 0.185185
0 0.076172 0.743750 0.151823 0.239352
0 0.051432 0.561574 0.101823 0.262037
0 0.194010 0.509954 0.241146 0.428241
0 0.375260 0.517130 0.145833 0.122222
0 0.420573 0.330556 0.325000 0.310185
0 0.951042 0.311343 0.052083 0.128241
0 0.968620 0.159722 0.062760 0.174074
0 0.808073 0.260880 0.258333 0.518056
0 0.868229 0.016435 0.045312 0.029167
0 0.914062 0.047222 0.082812 0.089815
0 0.596094 0.165046 0.201563 0.231944
0 0.659896 0.299537 0.026042 0.030556
0 0.602344 0.049769 0.155208 0.096759
0 0.068880 0.048843 0.092448 0.070833
0 0.036589 0.079630 0.034635 0.039815
0 0.145443 0.090046 0.122135 0.113426
0 0.027474 0.137037 0.054427 0.090741
0 0.298438 0.180093 0.596354 0.359259
0 0.259635 0.037963 0.083854 0.072222
