0 0.423177 0.717361 0.240104 0.190278
0 0.592839 0.637963 0.111198 0.143519
0 0.638932 0.573611 0.035156 0.051852
0 0.699349 0.497917 0.054948 0.049537
0 0.434766 0.503472 0.107552 0.144907
0 0.291536 0.882639 0.034115 0.035648
0 0.125260 0.985185 0.051562 0.029630
0 0.092708 0.980787 0.007292 0.006944
0 0.102865 0.989815 0.004687 0.007407
0 0.044792 0.730556 0.089063 0.234259
0 0.184766 0.704630 0.117448 0.185185
0 0.248958 0.428009 0.072396 0.031944
0 0.311328 0.393750 0.032031 0.031944
0 0.325391 0.480093 0.061198 0.037037
0 0.182552 0.569907 0.026042 0.022222
0 0.109635 0.367593 0.218750 0.346296
0 0.036328 0.165278 0.046615 0.074074
0 0.443750 0.268056 0.118229 0.140741
0 0.510807 0.203935 0.175260 0.124537
0 0.468620 0.074074 0.301823 0.144444
0 0.645964 0.153472 0.097656 0.125463
0 0.608984 0.287037 0.035156 0.057407
0 0.177995 0.020833 0.135156 0.040741
0 0.822396 0.351157 0.099479 0.081944
0 0.914844 0.461574 0.049479 0.066667
0 0.966146 0.312269 0.044271 0.088426
0 0.857552 0.038889 0.057813 0.044444
0 0.980208 0.134722 0.039583 0.082407
0 0.941406 0.583565 0.068229 0.076389
0 0.967187 0.703704 0.025521 0.026852
0 0.038021 0.637269 0.053125 0.042130
