0 0.371094 0.343056 0.085938 0.083333
0 0.336458 0.600926 0.022396 0.025926
0 0.318229 0.601620 0.016146 0.024537
0 0.540365 0.531481 0.084375 0.061111
0 0.675260 0.464352 0.063542 0.074074
0 0.708464 0.545602 0.010156 0.018056
0 0.326172 0.706250 0.186719 0.123611
0 0.332552 0.768981 0.042188 0.039815
0 0.251823 0.551852 0.049479 0.058333
0 0.051693 0.716204 0.037760 0.070370
0 0.023177 0.727546 0.013542 0.014352
0 0.060547 0.852315 0.047135 0.073148
0 0.071354 0.937500 0.070833 0.063889
0 0.108984 0.949769 0.217448 0.100463
0 0.810807 0.770602 0.367448 0.356019
0 0.608854 0.986343 0.110417 0.027315
0 0.870833 0.297685 0.102083 0.105556
0 0.917708 0.117824 0.164583 0.234722
0 0.980729 0.194676 0.038542 0.085648
0 0.088932 0.161574 0.057031 0.068519
0 0.155339 0.110417 0.024740 0.022685
0 0.217969 0.030093 0.083854 0.058333
0 0.055729 0.460417 0.110937 0.219907
0 0.013932 0.149769 0.027344 0.155093
