0 0.309635 0.565509 0.034896 0.056019
0 0.401562 0.373843 0.013542 0.026389
0 0.454818 0.424306 0.022656 0.026389
0 0.621094 0.135417 0.028646 0.037500
0 0.785417 0.482407 0.115104 0.145370
0 0.673047 0.616435 0.037760 0.059722
0 0.751302 0.676157 0.072917 0.079167
0 0.884505 0.721528 0.023698 0.021759
0 0.840885 0.765278 0.019792 0.020370
0 0.853385 0.958565 0.112500 0.082870
0 0.919922 0.896759 0.095573 0.094444
0 0.984896 0.912037 0.030208 0.043519
0 0.940495 0.982176 0.069531 0.035648
0 0.988411 0.750000 0.016406 0.021296
0 0.863542 0.754861 0.006771 0.008796
0 0.873437 0.754167 0.008854 0.010185
0 0.443880 0.814352 0.065885 0.062037
