0 0.794010 0.271296 0.176563 0.230556
0 0.879818 0.172222 0.068490 0.054630
0 0.820703 0.850231 0.023698 0.031944
0 0.743099 0.828241 0.011719 0.020370
0 0.957682 0.659722 0.041406 0.049074
0 0.937109 0.686806 0.009115 0.015278
0 0.995964 0.628935 0.008073 0.053241
0 0.572917 0.221296 0.109896 0.112963
0 0.503255 0.268056 0.048177 0.042593
0 0.436328 0.387269 0.079948 0.131944
0 0.281510 0.418981 0.025521 0.030556
0 0.322656 0.259028 0.044792 0.040278
0 0.232943 0.282870 0.082031 0.049074
0 0.275130 0.515741 0.043490 0.032407
0 0.434635 0.573380 0.015625 0.020833
0 0.527604 0.780556 0.060417 0.051852
0 0.197266 0.695833 0.175781 0.156481
0 0.286979 0.673380 0.017188 0.022685
0 0.308594 0.672454 0.005729 0.008796
0 0.329688 0.675000 0.005208 0.009259
0 0.035286 0.540278 0.070052 0.124074
