0 0.524349 0.483333 0.098698 0.099074
0 0.468229 0.334259 0.075521 0.086111
0 0.637630 0.643519 0.134115 0.132407
0 0.746224 0.765278 0.263802 0.329630
0 0.951823 0.891435 0.096354 0.217130
0 0.923047 0.600000 0.111719 0.121296
0 0.956380 0.273380 0.087240 0.108796
0 0.963021 0.179630 0.073958 0.087037
0 0.810677 0.029167 0.090625 0.056481
0 0.708333 0.102315 0.104167 0.113889
0 0.201953 0.460648 0.122135 0.109259
0 0.157552 0.520833 0.011979 0.015741
0 0.076172 0.376389 0.151823 0.152778
0 0.068880 0.670139 0.084635 0.112500
0 0.077995 0.886806 0.063802 0.076389
0 0.294922 0.974537 0.112240 0.050926
0 0.140365 0.186343 0.280208 0.221759
0 0.369922 0.041204 0.141927 0.077778
0 0.164062 0.013889 0.043229 0.026852
