0 0.652865 0.765972 0.097917 0.099537
0 0.928516 0.682639 0.027344 0.031019
0 0.924349 0.543750 0.015885 0.031019
0 0.996875 0.600694 0.006250 0.019907
0 0.342839 0.865046 0.135677 0.125463
0 0.311328 0.687269 0.022135 0.019907
0 0.334375 0.686806 0.005729 0.009722
0 0.279687 0.726157 0.016667 0.020833
0 0.099089 0.813657 0.020573 0.029167
0 0.018490 0.596065 0.036458 0.076389
0 0.017578 0.261111 0.034635 0.064815
0 0.031510 0.195833 0.061458 0.068519
0 0.266276 0.163889 0.038802 0.037963
0 0.168359 0.080787 0.027344 0.039352
