0 0.356510 0.767361 0.034375 0.040278
0 0.278516 0.638194 0.027865 0.030093
0 0.221354 0.577778 0.026562 0.025926
0 0.045703 0.693981 0.048698 0.064815
0 0.100260 0.782870 0.006771 0.008333
0 0.111719 0.985648 0.034375 0.028704
0 0.017188 0.939120 0.033333 0.026389
0 0.791406 0.920370 0.030208 0.035185
0 0.658203 0.878472 0.013281 0.016204
0 0.590104 0.780787 0.022396 0.024537
0 0.567708 0.526157 0.017188 0.023611
0 0.514974 0.546296 0.022135 0.032407
0 0.542188 0.607407 0.011458 0.014815
0 0.452604 0.466435 0.010937 0.018056
0 0.440365 0.503009 0.021875 0.027315
0 0.585677 0.391435 0.013542 0.017130
0 0.662109 0.403009 0.016406 0.017130
0 0.847135 0.269444 0.066667 0.075000
0 0.657161 0.232407 0.054948 0.047222
0 0.525781 0.181481 0.041667 0.043519
0 0.498698 0.301620 0.010937 0.018981
0 0.297526 0.088426 0.017969 0.015741
0 0.291927 0.119444 0.017188 0.016667
0 0.778646 0.528472 0.006771 0.013426
0 0.753776 0.538194 0.006510 0.010648
0 0.911458 0.606713 0.019271 0.022685
0 0.952474 0.813889 0.013802 0.017593
0 0.985417 0.843056 0.029167 0.038889
0 0.885938 0.102546 0.032813 0.053241
0 0.072526 0.259028 0.018490 0.024537
0 0.008984 0.136111 0.011198 0.019444
