0 0.680339 0.661343 0.011719 0.015278
0 0.710677 0.620370 0.017188 0.022222
0 0.744141 0.774306 0.123698 0.132870
0 0.982943 0.623611 0.034115 0.078704
0 0.497396 0.786574 0.007292 0.013889
0 0.490234 0.787500 0.008073 0.013889
0 0.370443 0.588426 0.078906 0.086111
0 0.375911 0.634722 0.024740 0.017593
0 0.353125 0.629398 0.012500 0.010648
0 0.355339 0.640046 0.011198 0.007870
0 0.343099 0.647685 0.008073 0.012963
0 0.467578 0.398148 0.011198 0.015741
0 0.362630 0.250694 0.076823 0.074537
0 0.379297 0.164352 0.080990 0.071296
0 0.114714 0.088426 0.012240 0.017593
0 0.067448 0.202778 0.016667 0.027778
0 0.614714 0.104861 0.023698 0.026389
0 0.515755 0.033333 0.025781 0.025000
