0 0.591276 0.625463 0.174740 0.190741
0 0.413151 0.510880 0.091406 0.082870
0 0.376823 0.462269 0.027604 0.026389
0 0.283724 0.420139 0.075781 0.098611
0 0.097005 0.658796 0.012760 0.018519
0 0.926562 0.958565 0.048438 0.065278
0 0.966667 0.863426 0.021875 0.025000
0 0.901563 0.649537 0.048958 0.054630
0 0.792969 0.313426 0.076042 0.112037
0 0.686849 0.196296 0.050260 0.050926
0 0.607031 0.224074 0.094792 0.061111
0 0.660026 0.347917 0.022135 0.025463
0 0.909115 0.182870 0.095312 0.114815
0 0.847396 0.215741 0.038542 0.038889
0 0.312240 0.201620 0.067187 0.072685
0 0.207682 0.089815 0.034115 0.031481
0 0.155208 0.040509 0.034375 0.044907
