0 0.495703 0.379861 0.089844 0.134722
0 0.470703 0.580324 0.094010 0.070833
0 0.278776 0.689352 0.023177 0.025926
0 0.192969 0.688426 0.088542 0.072222
0 0.526953 0.731944 0.036719 0.028704
0 0.306901 0.917130 0.072656 0.055556
0 0.532292 0.943056 0.115104 0.113889
0 0.645703 0.934722 0.071094 0.130556
0 0.740625 0.946759 0.017188 0.020370
0 0.762240 0.513657 0.065104 0.104167
0 0.891276 0.524306 0.013281 0.019907
0 0.983203 0.293750 0.033594 0.055093
0 0.983203 0.123843 0.033594 0.055093
0 0.108724 0.984491 0.053385 0.031019
0 0.025000 0.808796 0.049479 0.134259
0 0.095182 0.238889 0.034635 0.031481
0 0.221224 0.392361 0.006510 0.007870
0 0.059766 0.033565 0.061719 0.042130
0 0.899609 0.032176 0.020052 0.020833
0 0.852995 0.010648 0.020052 0.020370
