0 0.735677 0.409028 0.095833 0.094907
0 0.760938 0.586574 0.107292 0.099074
0 0.939453 0.532639 0.071094 0.074537
0 0.910417 0.731250 0.052604 0.071759
0 0.936458 0.809722 0.062500 0.105556
0 0.779557 0.850000 0.183594 0.195370
0 0.977734 0.975000 0.044531 0.050000
0 0.739583 0.957176 0.089063 0.085648
0 0.633594 0.904167 0.100000 0.148148
0 0.557422 0.811574 0.125260 0.113889
0 0.651302 0.651852 0.068750 0.083333
0 0.591797 0.662731 0.097135 0.136574
0 0.348438 0.750000 0.331771 0.408333
0 0.217839 0.898380 0.049219 0.067130
0 0.193229 0.929398 0.041146 0.035648
0 0.162240 0.741898 0.112500 0.098611
0 0.172917 0.813889 0.057813 0.076852
0 0.076302 0.728704 0.065104 0.072222
0 0.052734 0.780556 0.021094 0.024074
0 0.160156 0.910417 0.181250 0.179167
0 0.036589 0.932407 0.072135 0.135185
0 0.088411 0.618056 0.176302 0.171296
0 0.017969 0.507639 0.035417 0.072685
0 0.091797 0.358333 0.040885 0.045370
0 0.206510 0.367361 0.057292 0.069907
0 0.276693 0.326389 0.159635 0.167593
0 0.299089 0.482870 0.337240 0.259259
0 0.555469 0.385880 0.076042 0.095833
0 0.643099 0.277315 0.054948 0.063889
0 0.443359 0.199537 0.135156 0.172222
0 0.593880 0.073148 0.121094 0.106481
0 0.253646 0.063426 0.095833 0.123148
0 0.183594 0.016435 0.043750 0.031944
0 0.106901 0.169676 0.057552 0.056019
0 0.083203 0.106019 0.027344 0.040741
0 0.417057 0.970139 0.190365 0.059722
