0 0.063021 0.817130 0.125521 0.149074
0 0.130208 0.945370 0.140625 0.109259
0 0.271484 0.851157 0.022656 0.025463
0 0.224740 0.707639 0.026042 0.031944
0 0.552214 0.947454 0.139844 0.105093
0 0.828255 0.961806 0.070052 0.057870
0 0.830078 0.992593 0.015365 0.014815
0 0.974089 0.968287 0.051823 0.063426
0 0.947917 0.919213 0.015625 0.015278
0 0.931120 0.916667 0.013802 0.016667
0 0.913802 0.452546 0.071875 0.049537
0 0.833203 0.283796 0.064844 0.069444
0 0.898177 0.239815 0.160938 0.200000
0 0.377344 0.079630 0.432292 0.158333
0 0.782292 0.039352 0.034896 0.041667
0 0.973047 0.032639 0.053906 0.064352
0 0.868750 0.093056 0.015625 0.023148
0 0.500130 0.475000 0.999740 0.845370
0 0.425260 0.728704 0.073438 0.070370
0 0.373047 0.720370 0.026302 0.032407
0 0.169531 0.474306 0.077083 0.082870
0 0.064062 0.038889 0.120313 0.074074
