0 0.552474 0.679398 0.044531 0.056944
0 0.417187 0.569676 0.113021 0.104167
0 0.259375 0.515741 0.120833 0.122222
0 0.074349 0.316204 0.147656 0.199074
0 0.284896 0.210185 0.053125 0.083333
0 0.031510 0.041204 0.062500 0.081481
0 0.427344 0.036806 0.118750 0.072685
0 0.610677 0.352546 0.089583 0.076389
0 0.785026 0.308102 0.053385 0.050463
0 0.832292 0.215278 0.042708 0.047222
0 0.821615 0.077546 0.039062 0.059722
0 0.955339 0.113889 0.070573 0.069444
0 0.669531 0.782407 0.015625 0.020370
0 0.889844 0.133565 0.014583 0.028241
0 0.816016 0.014583 0.060156 0.027315
