0 0.423438 0.762269 0.320833 0.340278
0 0.606510 0.849537 0.033854 0.060185
0 0.534766 0.637269 0.053906 0.056944
0 0.668229 0.747222 0.217188 0.242593
0 0.767839 0.817593 0.022656 0.030556
0 0.805469 0.639352 0.048958 0.046296
0 0.893620 0.782176 0.094531 0.108796
0 0.877474 0.868750 0.062760 0.054167
0 0.120703 0.662731 0.128385 0.097685
0 0.029036 0.644213 0.057552 0.102315
0 0.532422 0.537500 0.097135 0.094444
0 0.620833 0.481019 0.071875 0.119444
0 0.472786 0.315046 0.076823 0.082870
0 0.445573 0.383565 0.091146 0.084722
0 0.362240 0.482639 0.135937 0.145833
0 0.439453 0.503935 0.034115 0.045833
0 0.377344 0.274306 0.082812 0.095833
0 0.321354 0.300926 0.105729 0.099074
0 0.157812 0.448843 0.058333 0.055093
0 0.747526 0.424537 0.158594 0.200926
0 0.891016 0.396065 0.087240 0.096759
0 0.755469 0.557407 0.039062 0.039815
0 0.189583 0.238426 0.066667 0.084259
0 0.060677 0.175463 0.120833 0.277778
0 0.187760 0.099537 0.067187 0.050000
0 0.127344 0.151389 0.048438 0.038889
