0 0.377865 0.306713 0.119271 0.118981
0 0.390885 0.383565 0.042188 0.057870
0 0.492057 0.431944 0.088281 0.095370
0 0.500651 0.253241 0.014844 0.018519
0 0.598177 0.217593 0.030729 0.027778
0 0.207552 0.526157 0.061458 0.058796
0 0.267969 0.566204 0.034375 0.042593
0 0.255339 0.699306 0.162760 0.241204
0 0.339062 0.928935 0.127083 0.142130
0 0.205599 0.988889 0.060156 0.022222
0 0.054167 0.786574 0.089583 0.116667
0 0.021875 0.598148 0.043229 0.088889
0 0.225651 0.273380 0.023698 0.045833
0 0.138932 0.067593 0.078385 0.073148
0 0.037630 0.039815 0.048698 0.045370
0 0.085026 0.142130 0.169531 0.130556
0 0.500391 0.687037 0.219531 0.222222
0 0.578516 0.824074 0.089323 0.050926
0 0.434505 0.770602 0.077344 0.106019
0 0.463411 0.899537 0.073177 0.101852
0 0.725260 0.932176 0.042188 0.058796
0 0.807292 0.872685 0.043229 0.052778
0 0.748568 0.753241 0.031510 0.037037
0 0.706641 0.710417 0.054948 0.101389
0 0.936068 0.931481 0.025260 0.033333
0 0.985807 0.855093 0.013281 0.024074
0 0.968750 0.579167 0.062500 0.082407
0 0.930599 0.472454 0.100781 0.089352
0 0.980859 0.385417 0.038281 0.081019
0 0.807552 0.340046 0.083854 0.131944
0 0.971354 0.274769 0.057292 0.096759
0 0.777734 0.122685 0.121094 0.150000
0 0.756120 0.203241 0.016927 0.015741
0 0.722396 0.066435 0.018229 0.028241
