0 0.477734 0.208102 0.071615 0.080093
0 0.591927 0.108102 0.008333 0.022685
0 0.296094 0.171759 0.042188 0.064815
0 0.032943 0.478009 0.061719 0.052315
0 0.117057 0.486574 0.012240 0.014815
0 0.186068 0.690046 0.021615 0.025463
0 0.521094 0.600694 0.056771 0.058796
0 0.706120 0.920833 0.142448 0.158333
0 0.787109 0.864583 0.016406 0.021759
0 0.788542 0.836343 0.018229 0.018981
0 0.962109 0.753472 0.020052 0.026389
0 0.880729 0.901852 0.011458 0.014815
0 0.895312 0.898843 0.015104 0.018981
0 0.994271 0.700000 0.011458 0.032407
0 0.682682 0.171991 0.097135 0.105093
0 0.960677 0.113426 0.061979 0.117593
