0 0.413542 0.450694 0.195312 0.144907
0 0.565495 0.429398 0.060677 0.068056
0 0.635026 0.386574 0.024219 0.023148
0 0.265495 0.622685 0.056510 0.068519
0 0.446745 0.695833 0.046094 0.045370
0 0.279167 0.724306 0.010937 0.019907
0 0.640885 0.681250 0.055729 0.076389
0 0.705859 0.836574 0.019531 0.029630
0 0.730990 0.830556 0.031250 0.037037
0 0.659635 0.917130 0.023438 0.025000
0 0.870573 0.884259 0.122917 0.096296
0 0.816667 0.675694 0.030729 0.037500
0 0.973047 0.869676 0.047135 0.073611
0 0.899609 0.387731 0.132552 0.123611
0 0.962630 0.286806 0.051302 0.056944
0 0.842969 0.306019 0.030208 0.051852
0 0.797135 0.211111 0.188542 0.136111
0 0.957943 0.113889 0.061198 0.057407
0 0.962109 0.050926 0.075781 0.100926
0 0.682161 0.071759 0.121094 0.134259
0 0.613411 0.018056 0.016927 0.021296
0 0.528255 0.144676 0.069531 0.056019
0 0.306120 0.133565 0.023177 0.021759
0 0.352604 0.139815 0.117188 0.189815
0 0.301693 0.248380 0.039844 0.057870
0 0.241927 0.122222 0.073438 0.045370
0 0.430599 0.007176 0.031510 0.013426
0 0.197656 0.351157 0.105208 0.071759
0 0.236198 0.417130 0.060417 0.079630
0 0.104818 0.453704 0.060677 0.072222
0 0.131771 0.232407 0.053646 0.062037
0 0.223177 0.553241 0.017708 0.031481
