0 0.177995 0.429398 0.080469 0.065278
0 0.261068 0.749306 0.028906 0.046759
0 0.369141 0.628241 0.064323 0.061111
0 0.456901 0.755324 0.057031 0.053241
0 0.532943 0.150231 0.146094 0.123611
0 0.641797 0.057639 0.140885 0.111574
0 0.821484 0.284491 0.195573 0.189352
0 0.932682 0.285880 0.035677 0.045833
0 0.958984 0.156944 0.082031 0.100926
0 0.735677 0.355093 0.168229 0.117593
0 0.979297 0.474074 0.041406 0.081481
0 0.970443 0.623611 0.059115 0.097222
0 0.884505 0.721296 0.013802 0.012963
0 0.902734 0.710648 0.010156 0.016667
0 0.800651 0.855324 0.039844 0.042130
0 0.764453 0.934491 0.051302 0.076389
0 0.010417 0.039815 0.020313 0.062963
