0 0.260547 0.176157 0.106510 0.101389
0 0.228516 0.299306 0.102344 0.104167
0 0.349219 0.309722 0.149479 0.206481
0 0.713411 0.496759 0.050260 0.062037
0 0.800260 0.328704 0.020313 0.043519
0 0.642839 0.429398 0.015885 0.028241
0 0.628646 0.428704 0.013021 0.024074
0 0.602865 0.662731 0.114062 0.075463
0 0.452865 0.628241 0.215104 0.112037
0 0.318750 0.642130 0.054688 0.082407
0 0.358724 0.689815 0.078906 0.095370
0 0.319010 0.789120 0.038542 0.047685
0 0.292318 0.776157 0.019531 0.018981
0 0.208984 0.753009 0.034635 0.038426
0 0.315365 0.848611 0.025521 0.026852
0 0.437630 0.783102 0.020052 0.031019
0 0.435807 0.822685 0.026302 0.039815
0 0.543750 0.810648 0.012500 0.019444
0 0.556510 0.828009 0.006250 0.013426
0 0.438932 0.935648 0.130469 0.128704
0 0.472396 0.992361 0.021354 0.015278
0 0.554297 0.947685 0.042969 0.037037
0 0.625651 0.869444 0.073698 0.051852
0 0.679297 0.940972 0.050781 0.054167
0 0.647135 0.941204 0.013542 0.032407
0 0.711719 0.751620 0.033333 0.030093
0 0.797266 0.753704 0.077865 0.068519
0 0.756510 0.755093 0.005729 0.014815
0 0.868750 0.858565 0.110417 0.097685
0 0.875260 0.611574 0.035937 0.026852
0 0.961328 0.514352 0.014844 0.021296
0 0.923438 0.253472 0.085417 0.093981
0 0.891667 0.207407 0.014063 0.018519
0 0.983984 0.225231 0.017969 0.019907
0 0.849870 0.241898 0.059635 0.093056
0 0.746224 0.198148 0.015885 0.020370
0 0.798177 0.059259 0.134375 0.113889
0 0.988411 0.091204 0.023177 0.028704
0 0.070182 0.866435 0.121094 0.114352
0 0.088151 0.990509 0.028906 0.018981
0 0.038542 0.727083 0.057813 0.075463
0 0.060417 0.536111 0.022917 0.029630
0 0.067708 0.203241 0.021875 0.026852
0 0.032161 0.056481 0.050781 0.103704
