0 0.058333 0.904630 0.093229 0.075000
0 0.121615 0.813426 0.098958 0.092593
0 0.079557 0.701157 0.091927 0.124537
0 0.024609 0.825694 0.048698 0.083796
0 0.006901 0.722454 0.013281 0.020833
0 0.275391 0.714815 0.141927 0.156481
0 0.026042 0.483333 0.051562 0.051852
0 0.024089 0.421065 0.028385 0.022685
0 0.074870 0.214120 0.148698 0.156019
0 0.015104 0.056944 0.029687 0.067593
0 0.276823 0.542361 0.218750 0.172685
0 0.416667 0.512037 0.077604 0.086111
0 0.230990 0.344213 0.265104 0.230093
0 0.178646 0.125694 0.221875 0.249537
0 0.403255 0.060185 0.217969 0.116667
0 0.404687 0.231713 0.236979 0.227315
0 0.443880 0.396296 0.150260 0.131481
0 0.502214 0.562037 0.082031 0.053704
0 0.310026 0.968750 0.113281 0.062500
0 0.378906 0.991204 0.013542 0.017593
0 0.731901 0.986806 0.046615 0.026389
0 0.827604 0.994676 0.030208 0.010648
0 0.870052 0.993519 0.022396 0.012963
0 0.932292 0.973148 0.091146 0.053704
0 0.952344 0.870139 0.067708 0.099537
0 0.979948 0.684954 0.040104 0.090278
0 0.964453 0.524769 0.071094 0.123611
0 0.970182 0.389120 0.059635 0.132870
0 0.985156 0.279861 0.029687 0.062500
0 0.936589 0.208333 0.126823 0.087037
0 0.981641 0.129398 0.032552 0.056019
0 0.965885 0.072917 0.026562 0.049537
0 0.964193 0.018981 0.071615 0.037037
0 0.911328 0.008565 0.026823 0.016204
0 0.891146 0.111111 0.032813 0.048148
0 0.858333 0.088426 0.051042 0.050000
0 0.786719 0.018056 0.069271 0.034259
0 0.889583 0.008565 0.020313 0.016204
0 0.686198 0.029861 0.113021 0.058796
0 0.703385 0.102778 0.069271 0.066667
0 0.787891 0.176389 0.158594 0.119444
0 0.736719 0.253009 0.032813 0.055093
0 0.570703 0.095139 0.145052 0.181019
0 0.602865 0.218519 0.203125 0.148148
0 0.589583 0.293056 0.022917 0.029630
0 0.713281 0.355556 0.136458 0.110185
0 0.873437 0.338889 0.175521 0.183333
0 0.840625 0.519676 0.020313 0.016204
0 0.899089 0.535648 0.031510 0.046296
0 0.904687 0.593519 0.018229 0.019444
0 0.851172 0.654167 0.167448 0.119444
0 0.742708 0.609722 0.015625 0.013889
0 0.752083 0.654167 0.022917 0.025000
0 0.684375 0.620833 0.014583 0.017593
0 0.706641 0.558796 0.042969 0.049074
0 0.431641 0.698611 0.126302 0.153704
0 0.675260 0.690972 0.511979 0.618056
