0 0.325391 0.155556 0.146094 0.118519
0 0.476302 0.147454 0.053125 0.128241
0 0.466406 0.288889 0.098437 0.086111
0 0.517708 0.424537 0.027083 0.050926
0 0.302734 0.309259 0.090365 0.126852
0 0.394141 0.547222 0.075260 0.085185
0 0.305339 0.521296 0.027865 0.032407
0 0.300911 0.493750 0.026823 0.028241
0 0.560156 0.678935 0.074479 0.107870
0 0.200911 0.774074 0.045052 0.057407
0 0.052083 0.531481 0.103125 0.063889
0 0.102474 0.469444 0.063802 0.061111
0 0.737500 0.503241 0.072396 0.050926
0 0.965104 0.465278 0.044792 0.073148
0 0.865755 0.374074 0.020573 0.037037
0 0.622917 0.254398 0.056771 0.095833
0 0.633854 0.184954 0.025521 0.028241
0 0.679948 0.151157 0.081250 0.072685
0 0.745443 0.194213 0.097656 0.043056
0 0.747526 0.170602 0.068490 0.031019
0 0.745052 0.070370 0.063021 0.072222
0 0.714844 0.026157 0.170833 0.051389
0 0.878646 0.076389 0.041667 0.057407
0 0.593620 0.103009 0.078385 0.105093
0 0.660286 0.077778 0.032031 0.034259
0 0.533333 0.102315 0.041146 0.040741
