0 0.258984 0.799074 0.055990 0.081481
0 0.447526 0.810648 0.033594 0.041667
0 0.067448 0.778241 0.040625 0.040741
0 0.312891 0.967130 0.017448 0.021296
0 0.341536 0.961574 0.030990 0.039815
0 0.460938 0.993519 0.013542 0.012963
0 0.666406 0.660648 0.015625 0.022222
0 0.569271 0.508333 0.153125 0.124074
0 0.508073 0.424306 0.031771 0.046759
0 0.649089 0.390046 0.063281 0.069907
0 0.855339 0.825694 0.113802 0.148611
0 0.863021 0.972454 0.091146 0.055093
0 0.199089 0.517824 0.061719 0.059722
0 0.071745 0.528935 0.141927 0.131019
0 0.470443 0.310185 0.229427 0.162963
0 0.664323 0.200231 0.072917 0.059722
0 0.743490 0.140046 0.221354 0.277315
0 0.780339 0.332870 0.123698 0.150000
0 0.891536 0.369213 0.015885 0.018981
0 0.857943 0.013657 0.058594 0.026389
0 0.354297 0.160185 0.131510 0.144444
0 0.276432 0.100000 0.024740 0.025926
0 0.445182 0.032407 0.054427 0.062963
0 0.184505 0.240278 0.060677 0.047222
0 0.027083 0.290046 0.053646 0.082870
0 0.040365 0.171296 0.079687 0.160185
0 0.096615 0.035648 0.057292 0.070370
0 0.159766 0.019444 0.082031 0.037963
0 0.994531 0.043519 0.010937 0.024074
