0 0.482422 0.093056 0.089844 0.125000
0 0.573568 0.127778 0.034635 0.042593
0 0.627214 0.065741 0.049219 0.050000
0 0.459896 0.220602 0.105208 0.098611
0 0.341667 0.372685 0.065625 0.082407
0 0.299349 0.476852 0.098177 0.125000
0 0.311849 0.584491 0.076302 0.092130
0 0.400521 0.741667 0.220833 0.221296
0 0.433333 0.975000 0.120833 0.050000
0 0.645312 0.990509 0.021354 0.018981
0 0.829036 0.887963 0.076823 0.082407
0 0.208333 0.895370 0.072396 0.065741
0 0.098828 0.914815 0.010156 0.024074
0 0.104818 0.985185 0.009115 0.008333
0 0.150000 0.421528 0.073438 0.103241
0 0.110417 0.355093 0.020833 0.023148
0 0.044141 0.314815 0.087760 0.102778
0 0.205208 0.286574 0.040104 0.035185
0 0.261849 0.241435 0.047135 0.031944
0 0.131641 0.212269 0.038281 0.044907
0 0.225391 0.124306 0.020573 0.021759
0 0.249349 0.118981 0.020573 0.026852
