0 0.340755 0.076157 0.057552 0.055093
0 0.467057 0.380787 0.056510 0.047685
0 0.489974 0.824074 0.038281 0.037037
0 0.358984 0.971528 0.017969 0.019907
0 0.574089 0.834722 0.044531 0.060185
0 0.680469 0.932639 0.107813 0.124537
0 0.686719 0.421065 0.014063 0.020833
0 0.748698 0.431713 0.080208 0.082870
0 0.818750 0.462500 0.050000 0.070370
0 0.975911 0.883565 0.048177 0.044907
0 0.798828 0.205324 0.043490 0.052315
0 0.826562 0.268287 0.027083 0.036574
0 0.845703 0.184722 0.019010 0.032407
0 0.868880 0.198843 0.018490 0.015278
0 0.891016 0.281019 0.033073 0.036111
0 0.872135 0.332870 0.009896 0.012037
0 0.973437 0.346759 0.042708 0.053704
0 0.985807 0.328009 0.009115 0.035648
0 0.992839 0.247685 0.014323 0.021296
0 0.962109 0.195370 0.075781 0.092593
0 0.684245 0.020139 0.033594 0.037500
