0 0.300781 0.570602 0.052083 0.040278
0 0.251172 0.652778 0.050260 0.061111
0 0.323958 0.722685 0.030729 0.041667
0 0.329557 0.786111 0.008073 0.015741
0 0.366797 0.849769 0.006510 0.014352
0 0.436589 0.754630 0.049740 0.066667
0 0.453776 0.957407 0.047656 0.034259
0 0.557552 0.978009 0.055208 0.043981
0 0.768359 0.976620 0.079427 0.046759
0 0.876563 0.844444 0.060937 0.043519
0 0.064844 0.730093 0.016667 0.022222
0 0.053255 0.937500 0.019531 0.028704
0 0.079036 0.964352 0.021094 0.022222
0 0.097266 0.373843 0.017448 0.018981
0 0.115234 0.424074 0.015885 0.019444
0 0.300781 0.371759 0.026562 0.024074
0 0.520573 0.264120 0.034896 0.025463
0 0.541016 0.207870 0.014844 0.018519
0 0.874089 0.265509 0.013802 0.019907
0 0.901432 0.341667 0.013802 0.017593
0 0.974740 0.311111 0.033854 0.038889
0 0.943620 0.488426 0.014323 0.023148
0 0.963151 0.028472 0.021094 0.020833
0 0.984115 0.153935 0.016667 0.026389
0 0.887500 0.103935 0.036458 0.026389
0 0.605990 0.108102 0.027604 0.026389
0 0.582422 0.029861 0.020573 0.026389
0 0.284896 0.166667 0.043229 0.033333
0 0.159766 0.026389 0.053906 0.051852
0 0.121094 0.090509 0.016667 0.019907
0 0.037760 0.158796 0.042188 0.080556
0 0.013151 0.100694 0.025781 0.032870
