0 0.376432 0.906713 0.214323 0.186574
0 0.580208 0.971759 0.066667 0.055556
0 0.623698 0.771759 0.041667 0.054630
0 0.187760 0.963657 0.123438 0.072685
0 0.068880 0.782639 0.137240 0.274537
0 0.130599 0.700694 0.034115 0.036574
0 0.182682 0.515741 0.098698 0.065741
0 0.020443 0.550694 0.038802 0.132870
0 0.118359 0.510185 0.030990 0.039815
0 0.599870 0.034259 0.064323 0.063889
0 0.703255 0.021528 0.080990 0.041204
0 0.748698 0.063657 0.029167 0.037500
0 0.565755 0.248380 0.165885 0.202315
0 0.567448 0.468519 0.246354 0.274074
0 0.676693 0.390046 0.018490 0.037500
0 0.759635 0.535185 0.075000 0.088889
0 0.805469 0.374074 0.071875 0.077778
0 0.754557 0.742824 0.085156 0.092130
0 0.759375 0.823148 0.013021 0.013889
0 0.840885 0.766204 0.018229 0.019444
0 0.863021 0.641204 0.017708 0.026852
0 0.886589 0.625463 0.012240 0.015741
0 0.937240 0.283796 0.103646 0.200000
0 0.973698 0.120139 0.052604 0.134722
0 0.908333 0.109028 0.021354 0.025463
0 0.842057 0.029861 0.066406 0.058796
0 0.983854 0.559491 0.032292 0.064352
0 0.959115 0.870602 0.081771 0.092130
0 0.971484 0.958565 0.057031 0.082870
0 0.926562 0.937500 0.015625 0.015741
0 0.900000 0.812037 0.016146 0.015741
0 0.832682 0.897222 0.133594 0.205556
0 0.694531 0.987500 0.033333 0.025000
