0 0.537370 0.206944 0.087760 0.107407
0 0.474479 0.317130 0.021875 0.026852
0 0.510417 0.359028 0.028125 0.034722
0 0.551953 0.453009 0.037760 0.035648
0 0.408594 0.391667 0.115104 0.127778
0 0.459245 0.529398 0.027865 0.031019
0 0.429297 0.739815 0.164844 0.188889
0 0.534115 0.691204 0.019271 0.023148
0 0.445964 0.922222 0.053906 0.063889
0 0.344792 0.903935 0.018750 0.018056
0 0.344271 0.951389 0.241667 0.097222
0 0.500130 0.981481 0.068490 0.037037
0 0.251302 0.849306 0.010417 0.020833
0 0.096615 0.725926 0.190625 0.234259
0 0.025651 0.566435 0.010156 0.025463
0 0.211849 0.367361 0.181510 0.277315
0 0.042188 0.348380 0.083854 0.085648
0 0.748177 0.410417 0.135937 0.124537
0 0.686068 0.546759 0.016406 0.019444
0 0.855599 0.512037 0.089323 0.071296
0 0.918490 0.507176 0.023438 0.036574
0 0.787891 0.660185 0.277344 0.275000
0 0.970443 0.733796 0.059115 0.096296
0 0.991016 0.829167 0.017969 0.025926
0 0.726562 0.851389 0.015104 0.019444
0 0.742969 0.933102 0.096875 0.070833
0 0.768880 0.900926 0.008073 0.015741
0 0.878646 0.922454 0.138021 0.155093
0 0.957031 0.952546 0.014583 0.028241
0 0.923307 0.328241 0.112240 0.053704
