0 0.739844 0.862037 0.313021 0.275926
0 0.867839 0.940278 0.016927 0.026852
0 0.947005 0.702083 0.076302 0.046759
0 0.876563 0.634491 0.090104 0.154167
0 0.960547 0.514583 0.078906 0.169907
0 0.717969 0.503472 0.282813 0.156019
0 0.740885 0.417593 0.016146 0.019444
0 0.795964 0.335185 0.121094 0.100000
0 0.823828 0.252315 0.094010 0.105556
0 0.938542 0.303241 0.122917 0.114815
0 0.622135 0.340278 0.082292 0.099074
0 0.548828 0.212037 0.065365 0.112963
0 0.524479 0.277315 0.016667 0.017593
0 0.444922 0.351620 0.133073 0.081944
0 0.430599 0.148611 0.027344 0.034259
0 0.476042 0.082176 0.041146 0.058796
0 0.344661 0.084722 0.019010 0.026852
0 0.432812 0.059954 0.046875 0.052315
0 0.852865 0.069444 0.254167 0.135185
0 0.271875 0.434259 0.119792 0.158333
0 0.198698 0.226389 0.048438 0.065741
