0 0.569271 0.462963 0.083854 0.089815
0 0.508854 0.625000 0.027083 0.031481
0 0.538672 0.615972 0.024740 0.028241
0 0.480599 0.691435 0.057552 0.056944
0 0.421094 0.739352 0.026042 0.049074
0 0.580599 0.760880 0.070573 0.058796
0 0.664193 0.672222 0.048698 0.040741
0 0.404687 0.928704 0.155729 0.105556
0 0.469792 0.977083 0.174479 0.045833
0 0.434635 0.964815 0.028646 0.024074
0 0.128776 0.978241 0.039844 0.041667
0 0.486328 0.343750 0.097656 0.114352
0 0.409766 0.338194 0.058073 0.103241
0 0.400260 0.408102 0.096875 0.088426
0 0.651042 0.323148 0.101042 0.079630
0 0.753646 0.299074 0.088021 0.086111
0 0.602474 0.214815 0.130469 0.097222
0 0.902344 0.286806 0.126562 0.106944
0 0.972526 0.489815 0.054948 0.098148
0 0.838021 0.760648 0.220833 0.171296
0 0.897005 0.851620 0.104427 0.128241
0 0.993229 0.183796 0.013542 0.019444
0 0.687240 0.053704 0.125000 0.080556
0 0.783724 0.019213 0.019010 0.023611
0 0.769141 0.012963 0.008594 0.016667
0 0.878906 0.012037 0.057292 0.021296
0 0.598698 0.072917 0.055208 0.059722
0 0.549479 0.096296 0.030208 0.029630
0 0.494010 0.163194 0.016667 0.018056
0 0.197005 0.202083 0.075260 0.081944
0 0.036068 0.454398 0.058073 0.075463
0 0.054688 0.214583 0.107292 0.154167
0 0.017578 0.265046 0.034635 0.083796
0 0.153125 0.046528 0.033854 0.039352
0 0.023698 0.615509 0.016146 0.029167
