0 0.062370 0.719907 0.109115 0.115741
0 0.130208 0.582870 0.078646 0.051852
0 0.057813 0.519444 0.067187 0.087963
0 0.041797 0.438657 0.058594 0.061574
0 0.104297 0.386574 0.102865 0.096296
0 0.012240 0.525231 0.023958 0.095833
0 0.005599 0.433565 0.010677 0.065278
0 0.079297 0.229167 0.158073 0.220370
0 0.041536 0.057870 0.082552 0.114815
0 0.135677 0.049074 0.086458 0.085185
0 0.199479 0.156250 0.059896 0.088426
0 0.260286 0.234028 0.202344 0.168056
0 0.243880 0.070370 0.099219 0.139815
0 0.299740 0.100463 0.023438 0.031481
0 0.372266 0.115046 0.096615 0.083796
0 0.362500 0.029630 0.131771 0.058333
0 0.458854 0.203241 0.174479 0.136111
0 0.485807 0.031250 0.077344 0.060648
0 0.548307 0.109259 0.058594 0.054630
0 0.590625 0.132176 0.040625 0.048611
0 0.549479 0.034259 0.041146 0.065741
0 0.585807 0.033796 0.053385 0.064815
0 0.636849 0.011343 0.036719 0.020833
0 0.633854 0.045370 0.039583 0.048148
0 0.709505 0.156713 0.071094 0.085648
0 0.679297 0.086111 0.075781 0.062963
0 0.828125 0.111343 0.343750 0.221759
0 0.968880 0.253935 0.062240 0.057870
0 0.841536 0.247685 0.044010 0.033333
0 0.848047 0.353009 0.219531 0.280093
0 0.978906 0.428472 0.042188 0.081019
0 0.921745 0.643519 0.156510 0.287037
0 0.809245 0.782870 0.166927 0.150926
0 0.749089 0.819676 0.018490 0.038426
0 0.908724 0.911806 0.182552 0.176389
0 0.311979 0.697454 0.552083 0.605093
0 0.600651 0.986806 0.052865 0.026389
0 0.665755 0.985648 0.027865 0.028704
0 0.673698 0.817593 0.139583 0.137963
0 0.781380 0.862731 0.045573 0.047685
0 0.487760 0.743750 0.211458 0.140278
0 0.550130 0.695833 0.023698 0.035185
0 0.552604 0.625926 0.043229 0.062963
0 0.361328 0.673843 0.014323 0.029167
0 0.366536 0.721296 0.017448 0.026852
0 0.329427 0.610417 0.045833 0.049537
0 0.353646 0.394907 0.148958 0.134259
0 0.539323 0.401620 0.206250 0.227315
0 0.636198 0.253009 0.166146 0.107870
0 0.701432 0.348148 0.073177 0.077778
0 0.722526 0.493056 0.225781 0.212037
0 0.806771 0.575694 0.130208 0.130093
0 0.670573 0.623611 0.163021 0.160185
