0 0.486849 0.753935 0.174740 0.197685
0 0.456120 0.933796 0.127865 0.087963
0 0.565104 0.631019 0.018229 0.022222
0 0.690104 0.656250 0.025000 0.035648
0 0.351823 0.691204 0.076563 0.079630
0 0.298438 0.860648 0.118229 0.124074
0 0.771224 0.752778 0.052865 0.033333
0 0.821745 0.916204 0.026302 0.033333
0 0.873698 0.984491 0.065104 0.031019
0 0.938151 0.979167 0.063281 0.041667
0 0.964974 0.913657 0.013281 0.015278
0 0.615234 0.712037 0.009115 0.018519
0 0.630469 0.724769 0.008333 0.017130
0 0.603516 0.731481 0.009115 0.013889
0 0.953776 0.579861 0.092448 0.173611
0 0.956771 0.466204 0.047917 0.049074
0 0.993880 0.459954 0.012240 0.026389
0 0.866927 0.526852 0.034375 0.054630
0 0.823568 0.479861 0.053906 0.102315
0 0.788802 0.501389 0.017188 0.018519
0 0.855859 0.383796 0.032552 0.049074
0 0.797656 0.362963 0.043229 0.038889
0 0.761589 0.370139 0.027344 0.044907
0 0.929167 0.255556 0.097917 0.094444
0 0.704167 0.168519 0.017708 0.024074
0 0.863411 0.056481 0.159635 0.110185
0 0.958724 0.042824 0.042969 0.052315
0 0.648568 0.268519 0.045573 0.036111
0 0.617708 0.264120 0.018229 0.025463
0 0.535677 0.368519 0.019271 0.033333
0 0.535937 0.432176 0.023438 0.034722
0 0.500521 0.448380 0.050000 0.052315
0 0.484635 0.379398 0.020833 0.027315
0 0.463932 0.413657 0.022135 0.054167
0 0.343490 0.454167 0.072917 0.073148
0 0.322266 0.326389 0.204948 0.326852
0 0.132943 0.084491 0.264844 0.168056
0 0.031120 0.443056 0.061719 0.067593
0 0.040755 0.586574 0.079427 0.125000
