0 0.400000 0.048611 0.009896 0.025926
0 0.399219 0.135880 0.019792 0.027315
0 0.479948 0.007407 0.031771 0.013889
0 0.451432 0.224306 0.125260 0.145833
0 0.445052 0.143519 0.031771 0.027778
0 0.425651 0.303472 0.023698 0.027315
0 0.469010 0.422917 0.090104 0.108796
0 0.249740 0.294444 0.015104 0.025000
0 0.046224 0.363194 0.090885 0.113426
0 0.145443 0.494444 0.086198 0.090741
0 0.053516 0.448380 0.032552 0.046759
0 0.138281 0.739120 0.190625 0.239352
0 0.072526 0.817130 0.071094 0.109259
0 0.205990 0.878935 0.088542 0.056019
0 0.097396 0.939583 0.065625 0.116204
0 0.021354 0.954398 0.042188 0.088426
0 0.319922 0.795833 0.059115 0.099074
0 0.363672 0.846991 0.031510 0.039352
0 0.423177 0.981019 0.038021 0.037963
0 0.577734 0.609259 0.115885 0.133333
0 0.629167 0.745602 0.089583 0.083796
0 0.718359 0.915741 0.012760 0.021296
0 0.823047 0.921065 0.082031 0.081944
0 0.902604 0.790972 0.020313 0.025463
0 0.864453 0.750231 0.021094 0.036574
0 0.856120 0.684028 0.155990 0.101389
0 0.977344 0.628009 0.045312 0.073611
0 0.966406 0.588889 0.035417 0.042593
0 0.947786 0.377083 0.051302 0.062500
0 0.677083 0.371065 0.119792 0.105093
0 0.820182 0.429167 0.359635 0.437963
