0 0.743359 0.721759 0.057552 0.053704
0 0.697005 0.691898 0.009635 0.018056
0 0.716276 0.691204 0.013281 0.027778
0 0.609245 0.648148 0.022656 0.034259
0 0.882682 0.933796 0.035156 0.062037
0 0.954036 0.178241 0.053906 0.074074
0 0.703385 0.059722 0.111458 0.118519
0 0.697917 0.127778 0.009896 0.020370
0 0.640885 0.389120 0.036458 0.027315
0 0.524740 0.900694 0.042708 0.068056
0 0.483724 0.836343 0.064844 0.074537
0 0.430078 0.687269 0.037760 0.084722
0 0.426432 0.737500 0.055990 0.062963
0 0.460026 0.741435 0.048698 0.059722
0 0.392708 0.755556 0.021354 0.028704
0 0.456380 0.325231 0.013802 0.017130
0 0.409505 0.118981 0.067448 0.067593
0 0.356641 0.621991 0.025781 0.035648
0 0.415755 0.574074 0.120052 0.066667
0 0.365625 0.679398 0.019271 0.018056
0 0.217318 0.600694 0.095573 0.068981
0 0.269010 0.644444 0.016146 0.015741
0 0.217057 0.673611 0.012240 0.011111
0 0.252474 0.715509 0.050781 0.045833
0 0.248958 0.753704 0.012500 0.022222
0 0.257422 0.803472 0.013802 0.023611
0 0.245052 0.809491 0.010417 0.013426
0 0.334115 0.915046 0.201042 0.169907
0 0.072266 0.896528 0.023698 0.023611
0 0.052474 0.812731 0.041927 0.040278
0 0.079297 0.817361 0.011719 0.019907
0 0.154427 0.726389 0.024479 0.037963
0 0.146094 0.669444 0.075521 0.064815
0 0.085286 0.619213 0.012760 0.016204
0 0.079167 0.632639 0.010417 0.019907
0 0.287370 0.482176 0.033594 0.043056
0 0.300130 0.570833 0.019531 0.035185
0 0.033073 0.320602 0.052083 0.060648
0 0.019271 0.359954 0.038021 0.043981
0 0.046354 0.404398 0.016146 0.018056
0 0.190495 0.297222 0.032552 0.037963
0 0.173307 0.216204 0.042969 0.050926
0 0.230469 0.222454 0.029167 0.043981
0 0.074870 0.117593 0.148698 0.234259
