0 0.405339 0.683333 0.064844 0.100000
0 0.354036 0.497222 0.030469 0.036111
0 0.494141 0.443519 0.072135 0.073148
0 0.434115 0.962963 0.116667 0.074074
0 0.677474 0.947917 0.055990 0.089352
0 0.718229 0.946528 0.010417 0.019907
0 0.777865 0.705556 0.040625 0.062963
0 0.742969 0.601620 0.076042 0.102315
0 0.666797 0.581944 0.063281 0.085185
0 0.185026 0.615972 0.033594 0.029167
0 0.121094 0.682639 0.025521 0.040278
0 0.253385 0.947917 0.042708 0.084722
0 0.012109 0.927778 0.023698 0.062963
0 0.930859 0.969676 0.073698 0.060648
0 0.954688 0.886343 0.090625 0.127315
0 0.941016 0.843056 0.022656 0.019444
0 0.992578 0.743056 0.014844 0.021296
0 0.785937 0.491898 0.035417 0.052315
0 0.848958 0.248380 0.057292 0.074537
0 0.884245 0.203704 0.021094 0.027778
0 0.514453 0.241667 0.085677 0.151852
0 0.531380 0.323148 0.017448 0.019444
0 0.565885 0.113657 0.023958 0.032870
0 0.477734 0.146528 0.044531 0.034722
0 0.257552 0.103472 0.063542 0.094907
0 0.287500 0.393750 0.016667 0.021759
0 0.325521 0.420833 0.013542 0.015741
0 0.748958 0.018056 0.036979 0.034259
