0 0.362891 0.956250 0.134115 0.087500
0 0.345052 0.886574 0.036979 0.037963
0 0.344922 0.848611 0.014844 0.027778
0 0.257812 0.879630 0.066146 0.079630
0 0.219141 0.938194 0.010677 0.018056
0 0.207943 0.663426 0.159115 0.169444
0 0.068750 0.654398 0.124479 0.145833
0 0.045182 0.773148 0.089844 0.164815
0 0.336458 0.531250 0.188021 0.155093
0 0.498047 0.706250 0.055990 0.060648
0 0.444401 0.490278 0.017448 0.033333
0 0.533594 0.472454 0.170313 0.102315
0 0.570312 0.554167 0.050521 0.063889
0 0.511849 0.853009 0.088802 0.080093
0 0.672917 0.851852 0.144792 0.239815
0 0.613802 0.986574 0.052083 0.026852
0 0.877474 0.799537 0.125260 0.137963
0 0.777344 0.754861 0.128646 0.072685
0 0.767708 0.807639 0.027604 0.031944
0 0.794661 0.662500 0.179948 0.136111
0 0.968620 0.907176 0.062760 0.108796
0 0.995443 0.790046 0.009115 0.028241
0 0.644401 0.481019 0.048698 0.044444
0 0.748177 0.454167 0.211979 0.208333
0 0.831380 0.278704 0.113802 0.088889
0 0.726562 0.301157 0.040104 0.046759
0 0.674219 0.309491 0.032813 0.038426
0 0.729688 0.179167 0.150521 0.166667
0 0.987370 0.122685 0.025260 0.108333
0 0.886068 0.116435 0.184635 0.231944
0 0.713542 0.050694 0.169792 0.094907
0 0.490365 0.200694 0.359375 0.343981
0 0.585547 0.301157 0.171094 0.125463
0 0.303906 0.353009 0.157812 0.090278
0 0.279687 0.142593 0.036979 0.088889
0 0.314323 0.083333 0.029687 0.032407
0 0.316927 0.121065 0.025521 0.027315
0 0.361328 0.021759 0.143490 0.042593
0 0.452865 0.011806 0.034375 0.022685
0 0.587109 0.015278 0.080990 0.029630
0 0.200391 0.030787 0.082552 0.060648
0 0.212109 0.186574 0.175260 0.182407
0 0.196615 0.277778 0.044792 0.058333
0 0.070573 0.322454 0.131250 0.213426
0 0.086068 0.099769 0.169531 0.194907
0 0.940104 0.666898 0.119792 0.118056
