0 0.065365 0.874306 0.130208 0.167130
0 0.082031 0.811806 0.055729 0.073611
0 0.081120 0.728704 0.061198 0.040741
0 0.040495 0.743750 0.041927 0.060648
0 0.150130 0.757639 0.111719 0.095833
0 0.132682 0.740972 0.015365 0.019907
0 0.159505 0.902315 0.020573 0.032407
0 0.095833 0.983796 0.036979 0.032407
0 0.044010 0.994907 0.017708 0.010185
0 0.211849 0.981250 0.078385 0.037500
0 0.380599 0.973611 0.106510 0.052778
0 0.329167 0.850231 0.161979 0.142130
0 0.245443 0.715509 0.044010 0.090278
0 0.533333 0.912731 0.094271 0.068981
0 0.621875 0.796991 0.163542 0.110648
0 0.762760 0.795370 0.096354 0.107407
0 0.819922 0.856481 0.062760 0.060185
0 0.736328 0.871528 0.030990 0.040278
0 0.619010 0.960648 0.201563 0.078704
0 0.838542 0.945370 0.268750 0.109259
0 0.970182 0.877778 0.009115 0.017593
0 0.983464 0.713194 0.033073 0.034722
0 0.811589 0.644907 0.186198 0.207407
0 0.707422 0.653009 0.015885 0.026389
0 0.808464 0.502315 0.168490 0.137963
0 0.892318 0.506713 0.026823 0.041204
0 0.942057 0.470370 0.070052 0.158333
0 0.985026 0.508565 0.029948 0.071759
0 0.989323 0.387269 0.021354 0.037500
0 0.861979 0.434722 0.034896 0.037963
0 0.843359 0.402083 0.032031 0.060648
0 0.288411 0.557407 0.030469 0.049074
0 0.392839 0.618750 0.251823 0.271759
0 0.310807 0.478935 0.065365 0.068056
0 0.358984 0.462269 0.030990 0.042130
0 0.008984 0.438889 0.017448 0.028704
0 0.011458 0.510185 0.022396 0.034259
0 0.167578 0.190741 0.334635 0.378704
0 0.415755 0.311574 0.749740 0.622222
0 0.752474 0.120833 0.387240 0.240741
0 0.877734 0.216435 0.244531 0.430093
