0 0.583203 0.507639 0.209115 0.206944
0 0.614453 0.716667 0.027344 0.031481
0 0.707812 0.718287 0.181771 0.206019
0 0.785026 0.896759 0.113802 0.197222
0 0.690234 0.978935 0.078385 0.042130
0 0.730078 0.330324 0.233073 0.184722
0 0.821354 0.121296 0.047917 0.060185
0 0.917318 0.136343 0.147656 0.131944
0 0.869010 0.050231 0.186979 0.094907
0 0.702865 0.036111 0.081771 0.062963
0 0.637630 0.105324 0.101823 0.084722
0 0.485417 0.114583 0.043229 0.043981
0 0.484375 0.282639 0.142187 0.125463
0 0.367057 0.223380 0.083073 0.071759
0 0.331380 0.303009 0.087760 0.070833
0 0.979297 0.290278 0.041406 0.052778
0 0.436198 0.628241 0.077083 0.132407
0 0.344271 0.682176 0.063542 0.055093
0 0.294922 0.745139 0.065885 0.068056
0 0.226823 0.718519 0.023438 0.035185
0 0.111849 0.777315 0.207031 0.139815
0 0.273568 0.862963 0.024219 0.038889
0 0.324479 0.521991 0.066146 0.114352
0 0.308333 0.443981 0.067187 0.042593
0 0.226042 0.514815 0.134896 0.110185
0 0.145573 0.419676 0.127604 0.106944
0 0.226953 0.349074 0.083073 0.112963
0 0.143229 0.275694 0.077083 0.123611
0 0.067578 0.192130 0.042448 0.065741
0 0.100000 0.089120 0.052083 0.064352
0 0.047266 0.079861 0.075260 0.118981
0 0.043880 0.141898 0.030469 0.032870
0 0.026302 0.491898 0.051042 0.060648
0 0.024219 0.602546 0.045312 0.069907
