0 0.350130 0.542361 0.037240 0.025463
0 0.175781 0.980093 0.114062 0.039815
0 0.381771 0.221528 0.075000 0.066204
0 0.238021 0.394907 0.025521 0.025000
0 0.319141 0.119907 0.040365 0.041667
0 0.272266 0.066667 0.075260 0.111111
0 0.208333 0.026852 0.056250 0.052778
0 0.144271 0.153009 0.029687 0.026389
0 0.706380 0.177083 0.035156 0.043056
0 0.692578 0.313889 0.053906 0.053704
0 0.616536 0.864815 0.021094 0.022222
0 0.922526 0.333102 0.040365 0.069907
0 0.906120 0.175926 0.011719 0.013889
0 0.990885 0.115509 0.018229 0.043056
0 0.386068 0.010648 0.045573 0.020370
