0 0.298438 0.847917 0.277083 0.304167
0 0.411589 0.796759 0.026302 0.023148
0 0.458724 0.947685 0.030469 0.053704
0 0.517188 0.706019 0.180729 0.155556
0 0.113802 0.790046 0.033333 0.033796
0 0.068880 0.764120 0.038281 0.036574
0 0.025000 0.771065 0.049479 0.063426
0 0.084635 0.574306 0.056771 0.081944
0 0.026042 0.413194 0.051562 0.095833
0 0.328906 0.278472 0.143229 0.151389
0 0.385026 0.080324 0.077344 0.070833
0 0.231641 0.100926 0.058073 0.060185
0 0.217839 0.144676 0.036719 0.034722
0 0.744922 0.644444 0.095573 0.137037
0 0.677995 0.716204 0.022135 0.018519
0 0.720703 0.858333 0.027344 0.038889
0 0.829948 0.891667 0.034896 0.039815
0 0.919010 0.982407 0.080208 0.035185
0 0.926823 0.789352 0.146354 0.150000
0 0.865625 0.723843 0.059896 0.080093
0 0.989974 0.648148 0.020052 0.041667
0 0.664453 0.098380 0.241406 0.195833
0 0.963151 0.032407 0.073698 0.063889
0 0.884505 0.128704 0.230990 0.254630
0 0.935286 0.304861 0.129427 0.210648
