0 0.159115 0.107407 0.048438 0.060185
0 0.193099 0.087269 0.008594 0.013426
0 0.257031 0.250231 0.111979 0.160648
0 0.384505 0.325000 0.076302 0.075000
0 0.357031 0.163426 0.129688 0.132407
0 0.459505 0.158333 0.072656 0.077778
0 0.080078 0.615741 0.159115 0.324074
0 0.117578 0.783796 0.083073 0.049074
0 0.023698 0.796759 0.046354 0.053704
0 0.252344 0.661574 0.068229 0.089815
0 0.267839 0.923380 0.255469 0.153241
0 0.190495 0.993981 0.014323 0.012037
0 0.110547 0.969444 0.098177 0.061111
0 0.038802 0.972685 0.046875 0.054630
0 0.392708 0.732407 0.115104 0.137963
0 0.565495 0.860648 0.052865 0.044444
0 0.585677 0.743981 0.017708 0.023148
0 0.634766 0.692361 0.028906 0.028241
0 0.584115 0.944676 0.140104 0.110648
0 0.688932 0.978472 0.047656 0.043056
0 0.754167 0.795833 0.175521 0.181481
0 0.829167 0.769213 0.011979 0.015278
0 0.805078 0.914120 0.036719 0.031944
0 0.955990 0.957407 0.088021 0.085185
0 0.901823 0.859954 0.150521 0.159722
0 0.866927 0.552778 0.037500 0.049074
0 0.951432 0.443750 0.036198 0.059722
0 0.806901 0.596296 0.057031 0.057407
0 0.684375 0.503935 0.269271 0.259722
0 0.876823 0.096296 0.118750 0.112963
0 0.602344 0.026620 0.076563 0.051389
