0 0.458984 0.890046 0.263281 0.219907
0 0.610156 0.802546 0.017708 0.022685
0 0.276823 0.729167 0.041146 0.033333
0 0.190104 0.812500 0.067187 0.042593
0 0.107292 0.724074 0.054688 0.060185
0 0.128776 0.654167 0.029948 0.028704
0 0.158984 0.653009 0.024740 0.031019
0 0.049740 0.768750 0.023958 0.042130
0 0.049219 0.951389 0.097917 0.096296
0 0.208594 0.498380 0.076042 0.080093
0 0.050521 0.375463 0.057813 0.091667
0 0.047917 0.443519 0.081771 0.072222
0 0.127344 0.376620 0.084375 0.102315
0 0.294141 0.367130 0.099740 0.070370
0 0.400781 0.350694 0.097917 0.085648
0 0.255599 0.238426 0.136198 0.093519
0 0.142578 0.197454 0.022656 0.035648
0 0.210417 0.111111 0.033854 0.052778
0 0.258854 0.097917 0.061979 0.066204
0 0.357031 0.084954 0.132812 0.095833
0 0.458984 0.031713 0.041927 0.041204
0 0.574089 0.025231 0.068490 0.047685
0 0.703385 0.259491 0.030729 0.023611
0 0.573307 0.373380 0.149740 0.135648
0 0.652344 0.599537 0.092188 0.099074
0 0.886328 0.931250 0.069531 0.053241
0 0.852083 0.803241 0.012500 0.030556
0 0.979297 0.982639 0.025781 0.034722
0 0.953255 0.695602 0.093490 0.139352
0 0.764974 0.060185 0.049219 0.100926
0 0.795052 0.021759 0.021875 0.020370
