0 0.673047 0.340046 0.280469 0.173611
0 0.608984 0.680093 0.075260 0.099074
0 0.647135 0.720139 0.007812 0.010648
0 0.639193 0.822222 0.067969 0.075926
0 0.636068 0.793287 0.006510 0.007870
0 0.527214 0.935648 0.163281 0.128704
0 0.506641 0.838194 0.015885 0.017130
0 0.910807 0.954630 0.178385 0.090741
0 0.903906 0.660880 0.047917 0.069907
0 0.048177 0.750694 0.095312 0.131019
0 0.084896 0.792824 0.017188 0.033796
0 0.100391 0.814815 0.010156 0.018519
0 0.080208 0.821759 0.013021 0.014815
0 0.101042 0.699537 0.008854 0.021296
0 0.047135 0.916898 0.059375 0.071759
0 0.071224 0.961111 0.069010 0.046296
0 0.094922 0.174537 0.173177 0.143519
0 0.237630 0.137731 0.014844 0.019907
0 0.707943 0.026389 0.097656 0.051852
