0 0.439193 0.935185 0.184635 0.129630
0 0.139583 0.942824 0.033854 0.059722
0 0.119792 0.838657 0.114062 0.107870
0 0.075391 0.557639 0.028906 0.038426
0 0.122005 0.434259 0.024740 0.025926
0 0.285026 0.432639 0.092969 0.118056
0 0.402083 0.399074 0.057813 0.053704
0 0.556120 0.290509 0.059635 0.069907
0 0.660417 0.261806 0.022917 0.028241
0 0.358203 0.218981 0.056510 0.073148
0 0.508984 0.023611 0.083594 0.046296
0 0.638281 0.067361 0.085938 0.093981
0 0.505208 0.082176 0.027604 0.040278
0 0.867057 0.225000 0.051302 0.065741
0 0.884115 0.104630 0.018750 0.027778
0 0.901172 0.082639 0.015365 0.018981
0 0.906120 0.029167 0.079948 0.057407
