0 0.695443 0.501157 0.151823 0.093981
0 0.828385 0.574306 0.023958 0.039352
0 0.849089 0.556250 0.019010 0.018981
0 0.305859 0.591204 0.110156 0.120370
0 0.519531 0.653472 0.442188 0.341204
0 0.517839 0.510648 0.011719 0.010185
0 0.467187 0.501852 0.011458 0.015741
0 0.492578 0.546296 0.006510 0.012963
0 0.486328 0.546759 0.008073 0.013889
0 0.510417 0.437500 0.102604 0.072222
0 0.387891 0.470139 0.049740 0.047685
0 0.200521 0.410648 0.023958 0.018519
0 0.210286 0.655556 0.031510 0.038889
0 0.236198 0.670370 0.011979 0.019444
0 0.216016 0.685417 0.016406 0.016204
0 0.310937 0.759259 0.026562 0.016667
0 0.151172 0.643981 0.014844 0.024074
0 0.070443 0.634028 0.048177 0.047685
0 0.018750 0.643750 0.036979 0.047685
0 0.019792 0.556250 0.039062 0.032870
0 0.352604 0.044676 0.138542 0.088426
0 0.708333 0.025926 0.092708 0.050926
0 0.989323 0.598148 0.013021 0.022222
