0 0.436979 0.334954 0.279167 0.248611
0 0.326042 0.183796 0.119271 0.108333
0 0.025000 0.408796 0.049479 0.100926
0 0.121484 0.154630 0.073698 0.086111
0 0.656250 0.409028 0.062500 0.053241
0 0.676172 0.450463 0.050781 0.076852
0 0.747266 0.312731 0.063802 0.060648
0 0.740495 0.248148 0.022656 0.026852
0 0.704688 0.582639 0.231250 0.223611
0 0.836068 0.517361 0.083073 0.143056
0 0.894922 0.604398 0.092969 0.068981
0 0.917969 0.558333 0.016146 0.028704
0 0.840495 0.721296 0.099219 0.087963
0 0.600911 0.693287 0.037240 0.044907
0 0.388411 0.021065 0.062760 0.041204
0 0.571875 0.108796 0.186458 0.173148
0 0.743880 0.056944 0.172656 0.109259
0 0.838151 0.024306 0.082552 0.043981
0 0.972656 0.453704 0.054688 0.087963
0 0.948698 0.320139 0.102604 0.159722
0 0.904948 0.155556 0.190104 0.208333
0 0.976823 0.058333 0.046354 0.094444
0 0.948958 0.881019 0.102083 0.237963
0 0.256250 0.010880 0.057292 0.020833
