0 0.274740 0.764815 0.103125 0.125926
0 0.185547 0.808796 0.018490 0.016667
0 0.211198 0.809954 0.006771 0.009722
0 0.338151 0.842361 0.033594 0.031019
0 0.359766 0.795602 0.010677 0.018056
0 0.351693 0.809954 0.005469 0.009722
0 0.447266 0.791667 0.154948 0.144444
0 0.457422 0.903241 0.016927 0.013889
0 0.529948 0.932870 0.149479 0.134259
0 0.802734 0.943750 0.151823 0.112500
0 0.674740 0.777315 0.036458 0.051852
0 0.927344 0.817361 0.117188 0.125463
0 0.622917 0.645139 0.032292 0.040278
0 0.298568 0.347917 0.037240 0.060648
0 0.279948 0.384028 0.026562 0.038426
0 0.315495 0.413194 0.011719 0.011574
0 0.307682 0.493750 0.019010 0.025463
0 0.421484 0.469444 0.010677 0.021296
0 0.492708 0.454861 0.010417 0.018981
0 0.008984 0.734491 0.016927 0.053241
0 0.062370 0.596759 0.123177 0.201852
0 0.076302 0.685417 0.023958 0.028241
0 0.060807 0.339120 0.120573 0.295833
0 0.077214 0.256944 0.090885 0.089815
0 0.133984 0.103704 0.168490 0.204630
0 0.630729 0.357639 0.738542 0.714352
0 0.809375 0.631713 0.067187 0.072685
0 0.761328 0.631713 0.022135 0.020833
0 0.625651 0.046759 0.235677 0.089815
