0 0.971615 0.890972 0.030729 0.043981
0 0.941146 0.822222 0.048958 0.063889
0 0.898307 0.979630 0.033594 0.037963
0 0.868359 0.902083 0.017448 0.024537
0 0.846224 0.821296 0.037760 0.025926
0 0.710547 0.984259 0.037240 0.031481
0 0.821224 0.637731 0.047135 0.064352
0 0.721745 0.679398 0.013281 0.018056
0 0.711198 0.621759 0.023438 0.041667
0 0.627734 0.557176 0.048177 0.060648
0 0.673177 0.488194 0.058333 0.043981
0 0.450130 0.666204 0.018490 0.030556
0 0.451042 0.910185 0.016146 0.026852
0 0.480339 0.937500 0.017969 0.019444
0 0.420312 0.973611 0.022917 0.031481
0 0.330078 0.984259 0.098177 0.031481
0 0.360677 0.984028 0.007292 0.007870
0 0.125911 0.548380 0.023698 0.025463
0 0.013672 0.675231 0.021615 0.022685
0 0.474089 0.342593 0.016927 0.020370
0 0.661198 0.288889 0.019271 0.025926
0 0.626172 0.100694 0.036719 0.037500
0 0.858594 0.178472 0.040625 0.025463
0 0.866927 0.130556 0.012500 0.020370
0 0.913932 0.038657 0.015885 0.019907
0 0.352604 0.057870 0.070833 0.100926
0 0.454036 0.015741 0.041406 0.026852
0 0.014453 0.225231 0.022135 0.022685
0 0.019922 0.129398 0.039323 0.059722
