0 0.338672 0.105324 0.053385 0.069907
0 0.410156 0.194676 0.139063 0.115278
0 0.158854 0.284491 0.019271 0.036574
0 0.006641 0.358102 0.012760 0.036574
0 0.127083 0.423843 0.041146 0.068056
0 0.051042 0.621759 0.100521 0.218519
0 0.182943 0.639120 0.165885 0.152315
0 0.280078 0.775231 0.057031 0.050463
0 0.289844 0.549074 0.090625 0.096296
0 0.299870 0.963889 0.010156 0.011111
0 0.185677 0.900694 0.204687 0.198611
0 0.005859 0.886574 0.009115 0.030556
0 0.462760 0.389815 0.161979 0.122222
0 0.404557 0.452778 0.119531 0.103704
0 0.414714 0.603935 0.161198 0.168056
0 0.458203 0.533333 0.091406 0.069444
0 0.513672 0.637963 0.080990 0.129630
0 0.537370 0.459491 0.138802 0.151389
0 0.521745 0.440741 0.018490 0.020370
0 0.607812 0.518981 0.086979 0.141667
0 0.633203 0.362269 0.076823 0.091204
0 0.529036 0.874769 0.033073 0.033796
0 0.534896 0.965509 0.030208 0.031944
0 0.532682 0.938194 0.018490 0.029167
0 0.418490 0.896991 0.227604 0.179167
0 0.538542 0.909028 0.009375 0.013426
0 0.525000 0.988657 0.111979 0.022685
0 0.580599 0.968519 0.044010 0.044444
0 0.633984 0.971528 0.037240 0.056944
0 0.808073 0.424769 0.118229 0.085648
0 0.838411 0.476620 0.053906 0.039352
0 0.813542 0.531944 0.086458 0.090741
0 0.973307 0.285880 0.053385 0.149537
0 0.908333 0.244676 0.061979 0.084722
0 0.820443 0.282639 0.060156 0.093981
0 0.833984 0.353935 0.032031 0.032870
0 0.784635 0.359722 0.025521 0.027778
0 0.685937 0.181713 0.114583 0.108796
0 0.915755 0.071991 0.135156 0.112500
0 0.972396 0.013657 0.033854 0.026389
0 0.648568 0.075694 0.175781 0.118981
0 0.700521 0.760648 0.598958 0.478704
0 0.989974 0.528472 0.020052 0.020833
0 0.985807 0.575000 0.022656 0.035185
0 0.945182 0.716667 0.032031 0.035185
0 0.901172 0.707176 0.019531 0.031944
0 0.883464 0.393981 0.034115 0.042593
0 0.909245 0.575926 0.133073 0.177778
0 0.971224 0.429861 0.057552 0.134722
