0 0.659245 0.669444 0.027344 0.036111
0 0.610677 0.612500 0.040104 0.047222
0 0.589063 0.636111 0.006250 0.011111
0 0.691797 0.522685 0.035156 0.041667
0 0.711328 0.559259 0.022656 0.040741
0 0.641146 0.114352 0.054167 0.062037
0 0.522005 0.832639 0.013802 0.016204
0 0.648047 0.913657 0.026302 0.018056
0 0.130208 0.883565 0.020833 0.022685
0 0.976042 0.809722 0.031250 0.034259
0 0.970443 0.979167 0.027865 0.034259
0 0.890755 0.985880 0.068490 0.028241
0 0.851562 0.996759 0.004687 0.006481
0 0.983464 0.240972 0.030990 0.043056
