0 0.469661 0.684722 0.151823 0.144444
0 0.485026 0.789120 0.014323 0.024537
0 0.549870 0.744676 0.033594 0.043981
0 0.601172 0.768519 0.026302 0.022222
0 0.513021 0.877315 0.017708 0.021296
0 0.538672 0.970370 0.014844 0.022222
0 0.636719 0.959491 0.118229 0.081019
0 0.642318 0.711574 0.036198 0.060185
0 0.736589 0.802083 0.027865 0.035648
0 0.845182 0.813657 0.008594 0.011574
0 0.862891 0.824537 0.017969 0.016667
0 0.969661 0.808102 0.060677 0.102315
0 0.863932 0.619676 0.191927 0.163426
0 0.889323 0.718981 0.013021 0.016667
0 0.699609 0.459954 0.170573 0.122685
0 0.512891 0.545602 0.055990 0.040278
0 0.703385 0.356250 0.126042 0.068056
0 0.636198 0.363426 0.025000 0.050000
0 0.575391 0.346528 0.095573 0.094907
0 0.563151 0.414583 0.075781 0.044907
0 0.491927 0.352778 0.095833 0.095370
0 0.549479 0.261806 0.108333 0.077315
0 0.557943 0.229398 0.019531 0.025463
0 0.660547 0.240278 0.062760 0.066667
0 0.550391 0.132176 0.151823 0.149537
0 0.412500 0.375694 0.064062 0.053241
0 0.357943 0.450231 0.069531 0.073611
0 0.306641 0.495370 0.040885 0.047222
0 0.287370 0.542361 0.039323 0.064352
0 0.271094 0.505324 0.014063 0.021759
0 0.218490 0.514352 0.080729 0.066667
0 0.216667 0.432639 0.113021 0.135648
0 0.266536 0.648843 0.048177 0.043981
0 0.325911 0.699074 0.072656 0.060185
0 0.232552 0.789120 0.088542 0.117130
0 0.164062 0.792361 0.046875 0.065278
0 0.077083 0.718981 0.068750 0.060185
0 0.043880 0.784028 0.046094 0.064352
0 0.047005 0.873380 0.084635 0.058796
0 0.068490 0.929398 0.070312 0.046759
0 0.137891 0.919444 0.105469 0.062037
0 0.164453 0.970139 0.024740 0.027315
0 0.242969 0.887037 0.030729 0.036111
0 0.263281 0.974306 0.032292 0.038426
0 0.374089 0.947454 0.019531 0.018056
0 0.318750 0.771991 0.019792 0.031944
0 0.344661 0.772685 0.011719 0.024074
0 0.192188 0.698843 0.018750 0.018981
0 0.231771 0.604630 0.031250 0.027778
0 0.164583 0.623843 0.146354 0.111574
0 0.054427 0.610648 0.086458 0.088889
0 0.044401 0.485185 0.037240 0.052778
0 0.325391 0.214583 0.088802 0.136574
0 0.009635 0.372454 0.018750 0.035648
0 0.067708 0.117593 0.053646 0.075926
0 0.057292 0.033333 0.027604 0.025926
0 0.108724 0.180093 0.017448 0.022222
0 0.378255 0.098843 0.064844 0.073611
0 0.476302 0.050694 0.027083 0.035648
0 0.459896 0.016667 0.075521 0.032407
0 0.296615 0.007870 0.018750 0.014815
0 0.694922 0.012269 0.057552 0.023611
0 0.737760 0.047222 0.047396 0.093519
0 0.817187 0.134954 0.072917 0.120833
0 0.842187 0.271296 0.104688 0.103704
0 0.896745 0.193750 0.063281 0.098611
0 0.929427 0.349769 0.114062 0.100463
0 0.988672 0.337500 0.022656 0.080556
0 0.975391 0.278472 0.049219 0.024537
0 0.972135 0.145602 0.055729 0.068981
0 0.977474 0.077315 0.045052 0.066667
