0 0.415625 0.548843 0.093750 0.146759
0 0.338151 0.376157 0.046615 0.046759
0 0.390625 0.421991 0.086458 0.086574
0 0.258073 0.727083 0.185938 0.258796
0 0.314714 0.871759 0.026302 0.025926
0 0.331510 0.892361 0.033854 0.031019
0 0.180339 0.962500 0.042969 0.033333
0 0.073568 0.813657 0.145573 0.166204
0 0.063021 0.643287 0.021354 0.029167
0 0.006771 0.515972 0.013021 0.042130
0 0.018229 0.449306 0.022396 0.034722
0 0.145573 0.513889 0.010937 0.016667
0 0.108724 0.641435 0.012760 0.020833
0 0.092839 0.264583 0.038281 0.048611
0 0.406380 0.098843 0.421615 0.191204
0 0.479948 0.204167 0.018229 0.027778
0 0.657682 0.237269 0.164844 0.173611
0 0.703906 0.324306 0.019271 0.021759
0 0.735807 0.391898 0.115365 0.130093
0 0.817448 0.343287 0.016146 0.043056
0 0.859245 0.363657 0.053906 0.053241
0 0.836328 0.306713 0.015365 0.031019
0 0.874609 0.296759 0.015885 0.023148
0 0.743750 0.616435 0.053646 0.064352
0 0.700000 0.779167 0.113021 0.137037
0 0.845833 0.821065 0.109896 0.107870
0 0.855469 0.653472 0.141146 0.183796
0 0.937109 0.988426 0.037760 0.023148
