0 0.224479 0.035185 0.056250 0.068519
0 0.141667 0.239352 0.088542 0.126852
0 0.075130 0.357176 0.027344 0.036574
0 0.108464 0.401157 0.038802 0.050463
0 0.034115 0.430556 0.067708 0.130556
0 0.141146 0.513889 0.008854 0.013889
0 0.054297 0.572685 0.015885 0.027778
0 0.112370 0.730787 0.014323 0.019907
0 0.046875 0.771991 0.093229 0.175463
0 0.032943 0.957176 0.040365 0.048611
0 0.059245 0.945833 0.013802 0.025926
0 0.007031 0.988657 0.013542 0.022685
0 0.283724 0.931250 0.013281 0.018056
0 0.437630 0.985648 0.088281 0.028704
0 0.591797 0.911343 0.137240 0.100463
0 0.826432 0.962037 0.010156 0.012037
0 0.874349 0.987500 0.026823 0.025000
0 0.929818 0.987500 0.059635 0.025000
0 0.901302 0.895602 0.053125 0.093056
0 0.957292 0.803241 0.061458 0.058333
0 0.986849 0.817824 0.010156 0.017130
0 0.773047 0.830093 0.220052 0.262963
0 0.260937 0.619213 0.013542 0.018981
0 0.367969 0.752778 0.298438 0.269444
0 0.445964 0.633102 0.110156 0.093981
0 0.517318 0.639583 0.032031 0.043981
0 0.549349 0.440972 0.146615 0.074537
0 0.343880 0.496528 0.139844 0.125463
0 0.983203 0.613426 0.033594 0.048148
0 0.898828 0.262731 0.202344 0.420833
