0 0.165495 0.907176 0.205990 0.185648
0 0.459245 0.954398 0.053906 0.072685
0 0.384375 0.806250 0.209896 0.168056
0 0.299609 0.655093 0.095573 0.118519
0 0.254297 0.772222 0.013802 0.016667
0 0.245443 0.779861 0.009115 0.011574
0 0.179688 0.761111 0.036458 0.018519
0 0.108854 0.788194 0.013021 0.018056
0 0.012370 0.704398 0.017969 0.077315
0 0.029036 0.735185 0.017969 0.046296
0 0.078776 0.611574 0.157031 0.138889
0 0.166016 0.602315 0.035156 0.053704
0 0.309375 0.434028 0.266667 0.145833
0 0.242578 0.349769 0.048698 0.033796
0 0.097786 0.094676 0.187760 0.187500
0 0.175260 0.033333 0.092188 0.061111
0 0.332422 0.221065 0.485677 0.441204
0 0.524609 0.027546 0.072656 0.053241
0 0.529427 0.103241 0.063021 0.074074
0 0.627995 0.112963 0.134115 0.215741
0 0.566536 0.428935 0.065885 0.065278
0 0.509375 0.480324 0.054688 0.051389
0 0.481250 0.602546 0.190625 0.207870
0 0.587370 0.512500 0.021094 0.025000
0 0.645182 0.481713 0.075781 0.086574
0 0.356380 0.533333 0.025781 0.041667
0 0.547656 0.727083 0.028646 0.028241
0 0.567318 0.765046 0.030469 0.027315
0 0.572135 0.858102 0.033854 0.092130
0 0.704036 0.828704 0.123698 0.112963
0 0.787500 0.825694 0.056250 0.105093
0 0.725260 0.644444 0.219271 0.208333
0 0.703516 0.329630 0.066927 0.075000
0 0.726042 0.031481 0.065104 0.062037
0 0.844010 0.045602 0.017708 0.031944
0 0.861589 0.174074 0.276823 0.205556
0 0.966667 0.321528 0.066667 0.072685
0 0.900781 0.601620 0.155729 0.138426
0 0.952865 0.687269 0.094271 0.122685
0 0.867057 0.707176 0.027344 0.042130
0 0.923698 0.824769 0.022917 0.041204
0 0.990755 0.916898 0.018490 0.089352
