0 0.960807 0.767593 0.056510 0.085185
0 0.863542 0.753241 0.088021 0.152778
0 0.920703 0.932176 0.061198 0.061574
0 0.764583 0.755556 0.028646 0.023148
0 0.681510 0.825926 0.046875 0.052778
0 0.943620 0.650926 0.009635 0.015741
0 0.164844 0.825231 0.049479 0.050463
0 0.208724 0.696065 0.015885 0.025463
0 0.625260 0.423843 0.030729 0.035648
0 0.638672 0.600231 0.010677 0.011574
0 0.561458 0.679398 0.010937 0.011574
0 0.785937 0.427778 0.015625 0.021296
0 0.890365 0.090741 0.027604 0.040741
0 0.553776 0.039120 0.030469 0.038426
0 0.585547 0.050926 0.020052 0.025926
0 0.606250 0.039583 0.033854 0.043981
0 0.369661 0.020139 0.032031 0.032870
0 0.386328 0.009491 0.009635 0.014352
0 0.082812 0.014120 0.030729 0.027315
