0 0.090755 0.812269 0.083073 0.114352
0 0.020833 0.615046 0.041146 0.068056
0 0.558594 0.842130 0.051042 0.056481
0 0.896484 0.956713 0.082552 0.082870
0 0.950130 0.801852 0.041927 0.069444
0 0.849349 0.795370 0.043490 0.078704
0 0.772526 0.853472 0.023698 0.030093
0 0.883594 0.610648 0.054167 0.090741
0 0.831771 0.489815 0.095312 0.178704
0 0.733724 0.365741 0.129948 0.119444
0 0.857552 0.166204 0.093229 0.112037
0 0.857292 0.038889 0.087500 0.075000
0 0.682682 0.059259 0.119010 0.117593
0 0.756250 0.069444 0.027083 0.028704
0 0.447266 0.027546 0.077865 0.053241
