0 0.691927 0.414583 0.134375 0.209722
0 0.725000 0.255093 0.036458 0.066667
0 0.803646 0.273611 0.056250 0.076852
0 0.551953 0.286111 0.102865 0.117593
0 0.771354 0.632407 0.033854 0.049074
0 0.762630 0.750231 0.022656 0.025463
0 0.664583 0.763426 0.039062 0.057407
0 0.663151 0.848843 0.014844 0.023611
0 0.575651 0.781019 0.022135 0.023148
0 0.651693 0.849769 0.009115 0.013426
0 0.798568 0.888657 0.012240 0.018056
0 0.876042 0.828704 0.020833 0.025000
0 0.249479 0.880093 0.022917 0.027778
0 0.119792 0.874769 0.047917 0.042130
0 0.010547 0.644676 0.020573 0.049537
0 0.232422 0.659491 0.071094 0.069907
0 0.193229 0.653009 0.006771 0.015278
0 0.328125 0.379630 0.119792 0.137963
0 0.098828 0.417824 0.162760 0.179167
0 0.031641 0.251852 0.062760 0.131481
0 0.213542 0.054167 0.012500 0.022222
0 0.985938 0.179398 0.028125 0.045833
