0 0.714583 0.831250 0.062500 0.126389
0 0.742318 0.793519 0.012760 0.010185
0 0.742839 0.831481 0.013281 0.021296
0 0.752083 0.872454 0.013542 0.022685
0 0.786458 0.805787 0.022396 0.030093
0 0.808073 0.781019 0.008333 0.011111
0 0.759896 0.713194 0.022396 0.017130
0 0.779687 0.700694 0.021354 0.030093
0 0.450000 0.712731 0.059896 0.048611
0 0.509635 0.729861 0.044792 0.040278
0 0.502865 0.716667 0.005729 0.007407
0 0.342708 0.737269 0.113021 0.054167
0 0.342448 0.701852 0.006250 0.009259
0 0.348438 0.701389 0.004167 0.008333
0 0.354036 0.702778 0.005469 0.009259
0 0.361849 0.704630 0.006510 0.012037
0 0.194141 0.763194 0.006510 0.006944
0 0.189323 0.764352 0.004687 0.009259
0 0.282682 0.741204 0.005990 0.010185
0 0.095964 0.793287 0.045573 0.051389
0 0.112109 0.818287 0.006510 0.011574
0 0.121745 0.775694 0.005469 0.007870
0 0.040365 0.612500 0.013542 0.022222
0 0.055078 0.623148 0.015885 0.012963
