0 0.328776 0.387037 0.217448 0.196296
0 0.242188 0.457870 0.130208 0.122222
0 0.566016 0.317593 0.199219 0.167593
0 0.844401 0.744213 0.029948 0.036574
0 0.134115 0.790741 0.124479 0.127778
0 0.034505 0.879861 0.068490 0.181019
0 0.057031 0.806250 0.012500 0.026389
0 0.568620 0.082639 0.117448 0.156019
0 0.865755 0.078704 0.063281 0.093519
0 0.993490 0.185880 0.013021 0.056944
0 0.126823 0.124769 0.091667 0.139352
0 0.030990 0.070370 0.061458 0.096296
0 0.132682 0.043519 0.169531 0.086111
0 0.025521 0.233102 0.050521 0.129167
