0 0.298958 0.532176 0.106771 0.095833
0 0.142187 0.560185 0.088021 0.073148
0 0.115234 0.491435 0.014323 0.014352
0 0.050781 0.493981 0.025521 0.026852
0 0.029427 0.753472 0.057292 0.095833
0 0.640365 0.732407 0.026042 0.025926
0 0.452734 0.910417 0.021615 0.029167
0 0.926302 0.737269 0.034375 0.048611
0 0.760547 0.482407 0.036719 0.037963
0 0.691406 0.498843 0.024479 0.027315
0 0.553516 0.085648 0.059635 0.083333
0 0.533854 0.257407 0.073958 0.087037
0 0.397526 0.258565 0.036719 0.052315
0 0.411849 0.098148 0.107552 0.137963
0 0.267578 0.113889 0.088281 0.078704
0 0.243490 0.305787 0.040104 0.053241
0 0.172656 0.263426 0.059375 0.061111
0 0.179297 0.044676 0.040365 0.040278
0 0.139453 0.087037 0.063802 0.081481
0 0.078385 0.094444 0.061458 0.063889
0 0.034115 0.236343 0.046354 0.052315
0 0.010677 0.122917 0.020833 0.033796
0 0.008333 0.180324 0.016146 0.033796
0 0.051042 0.013889 0.101562 0.026852
0 0.709896 0.139120 0.100000 0.094907
0 0.771354 0.147454 0.014583 0.023611
0 0.828646 0.116667 0.051562 0.041667
0 0.726042 0.245833 0.043750 0.050926
0 0.890625 0.236806 0.114062 0.106019
0 0.960677 0.276620 0.052083 0.099537
