0 0.241536 0.491435 0.115885 0.220833
0 0.414714 0.596759 0.167448 0.240741
0 0.247005 0.784722 0.046615 0.053704
0 0.070443 0.532407 0.075260 0.073148
0 0.133984 0.557870 0.013802 0.016667
0 0.021354 0.671528 0.041667 0.076389
0 0.013672 0.862037 0.025781 0.092593
0 0.059245 0.911574 0.022135 0.022222
0 0.037109 0.968056 0.073698 0.063889
0 0.374349 0.886111 0.086198 0.062037
0 0.618490 0.883565 0.210417 0.232870
0 0.347005 0.290741 0.104427 0.157407
0 0.240104 0.276157 0.025521 0.028241
0 0.518229 0.373611 0.044792 0.064815
0 0.068099 0.190741 0.028906 0.038889
0 0.173828 0.151620 0.077344 0.141204
0 0.042839 0.098611 0.085156 0.157407
0 0.536849 0.206944 0.016406 0.039815
0 0.918229 0.366204 0.073958 0.121296
0 0.885417 0.340046 0.013542 0.027315
0 0.882292 0.365509 0.010417 0.015278
0 0.960807 0.408102 0.062760 0.126389
0 0.982292 0.287963 0.018750 0.033333
0 0.966536 0.271065 0.033073 0.039352
0 0.827734 0.294676 0.137240 0.107870
0 0.861198 0.371759 0.040625 0.037037
0 0.790104 0.362269 0.083854 0.094907
0 0.901042 0.525694 0.065625 0.125463
0 0.917318 0.652546 0.165365 0.223611
0 0.931120 0.730093 0.028906 0.030556
0 0.974219 0.797222 0.037500 0.038889
0 0.938411 0.812037 0.023177 0.026852
0 0.840104 0.804167 0.209896 0.138889
0 0.704557 0.718056 0.047135 0.045370
0 0.602214 0.589352 0.185156 0.169444
0 0.697786 0.478241 0.086719 0.116667
0 0.812630 0.493056 0.151823 0.189815
0 0.701042 0.051620 0.043750 0.049537
0 0.760677 0.113426 0.121354 0.098148
0 0.969792 0.130556 0.060417 0.100000
0 0.945964 0.040741 0.108073 0.079630
0 0.874089 0.038194 0.027865 0.040278
0 0.973958 0.914815 0.030208 0.050926
0 0.860156 0.908796 0.279687 0.182407
