0 0.716406 0.546991 0.056771 0.072685
0 0.903516 0.724074 0.028385 0.038889
0 0.878255 0.768519 0.061198 0.075000
0 0.836849 0.853935 0.005469 0.009722
0 0.987891 0.692824 0.007552 0.010648
0 0.902474 0.477546 0.081510 0.062500
0 0.926693 0.146759 0.049219 0.057407
0 0.878125 0.136574 0.048958 0.055556
0 0.680990 0.342130 0.026562 0.039815
0 0.627344 0.871759 0.034896 0.026852
0 0.596484 0.988194 0.026823 0.023611
0 0.542448 0.981481 0.028646 0.020370
0 0.620573 0.990741 0.014063 0.018519
0 0.360547 0.777083 0.050781 0.079167
0 0.328906 0.653472 0.081771 0.121759
0 0.393750 0.549769 0.038542 0.043056
0 0.249609 0.621065 0.069531 0.076389
0 0.241536 0.985185 0.046615 0.029630
0 0.489714 0.314352 0.054427 0.077778
0 0.539583 0.269444 0.021354 0.028704
0 0.396875 0.029167 0.040625 0.039815
0 0.084635 0.451852 0.066146 0.074074
0 0.112370 0.271528 0.097135 0.132870
0 0.087240 0.167130 0.037500 0.029630
0 0.178646 0.138426 0.039583 0.042593
0 0.012500 0.695602 0.024479 0.095833
0 0.032552 0.982407 0.064583 0.035185
0 0.004427 0.953935 0.008333 0.014352
