0 0.713802 0.858796 0.189062 0.182407
0 0.749479 0.740741 0.037500 0.051852
0 0.649870 0.693287 0.038802 0.078241
0 0.608464 0.633565 0.041927 0.035648
0 0.604036 0.984028 0.066927 0.031944
0 0.518620 0.831250 0.037240 0.027315
0 0.541146 0.805324 0.010937 0.021759
0 0.495443 0.791898 0.051302 0.036574
0 0.853906 0.994907 0.017708 0.010185
0 0.967318 0.970139 0.065365 0.059722
0 0.875130 0.857639 0.013281 0.017130
0 0.904557 0.824306 0.039323 0.055093
0 0.869531 0.695370 0.114583 0.111111
0 0.829297 0.574537 0.051302 0.074074
0 0.976302 0.555093 0.031771 0.045370
0 0.830990 0.391435 0.031250 0.036574
0 0.661328 0.482639 0.036198 0.048611
0 0.714714 0.370602 0.017448 0.039352
0 0.664583 0.309259 0.027604 0.056481
0 0.754167 0.223148 0.018229 0.026852
0 0.934375 0.148843 0.073958 0.080093
0 0.991536 0.190509 0.016927 0.057870
0 0.945052 0.055787 0.073958 0.079167
0 0.561849 0.205093 0.037240 0.044444
0 0.504687 0.227778 0.042708 0.037037
0 0.402734 0.226389 0.049740 0.062037
0 0.446224 0.232407 0.043490 0.036111
0 0.466536 0.367593 0.020573 0.030556
0 0.508594 0.459028 0.046354 0.052315
0 0.433984 0.434259 0.024740 0.035185
0 0.463802 0.462963 0.043229 0.046296
0 0.395052 0.516435 0.033333 0.028241
0 0.394271 0.471065 0.017188 0.020833
0 0.410547 0.393750 0.040365 0.034722
0 0.433984 0.321296 0.056510 0.074074
0 0.350781 0.339815 0.076563 0.073148
0 0.376172 0.390046 0.047135 0.058796
0 0.549479 0.587037 0.016667 0.026852
0 0.305208 0.392824 0.051042 0.058796
0 0.258594 0.330324 0.035417 0.039352
0 0.439974 0.160648 0.027344 0.032407
0 0.404687 0.055556 0.043229 0.054630
0 0.388021 0.142361 0.029687 0.054167
0 0.360286 0.076620 0.036198 0.036574
0 0.550260 0.132407 0.085938 0.048148
0 0.627214 0.118519 0.063802 0.077778
0 0.605859 0.156713 0.038802 0.026389
0 0.501953 0.110185 0.049219 0.059259
0 0.475651 0.042361 0.085156 0.083796
0 0.739453 0.010880 0.046094 0.020833
0 0.687240 0.154630 0.013021 0.020370
0 0.524089 0.396759 0.044531 0.077778
0 0.353255 0.628704 0.012240 0.015741
0 0.416536 0.654167 0.026823 0.049074
0 0.388281 0.717824 0.048958 0.027315
0 0.461068 0.701620 0.012240 0.024537
0 0.476562 0.676389 0.037500 0.041667
0 0.421094 0.901852 0.020313 0.016667
0 0.104036 0.764120 0.038802 0.032870
0 0.035417 0.645370 0.031250 0.025926
0 0.016536 0.646991 0.008073 0.014352
0 0.162240 0.434259 0.060937 0.080556
0 0.106901 0.355787 0.125781 0.143981
0 0.189323 0.133565 0.059896 0.073611
0 0.176302 0.196991 0.050521 0.055093
0 0.222135 0.159028 0.028646 0.024537
0 0.238542 0.206481 0.021354 0.027778
0 0.273438 0.247917 0.022917 0.029167
0 0.276172 0.197454 0.053906 0.048611
0 0.268880 0.138657 0.071094 0.068981
