0 0.707161 0.849306 0.185677 0.173611
0 0.631641 0.547685 0.050260 0.050926
0 0.492057 0.607639 0.008594 0.013426
0 0.414453 0.954167 0.279427 0.091667
0 0.074740 0.742361 0.148958 0.186574
0 0.115495 0.906713 0.016927 0.027315
0 0.075000 0.480787 0.146354 0.175463
0 0.322005 0.377315 0.151302 0.114815
0 0.131641 0.236111 0.262760 0.295370
0 0.358724 0.171065 0.252865 0.206944
0 0.588021 0.023380 0.098958 0.043981
0 0.691927 0.088194 0.130729 0.103241
0 0.867318 0.070370 0.160156 0.139815
0 0.971484 0.162037 0.057031 0.086111
0 0.989974 0.069676 0.020052 0.062500
0 0.962370 0.620833 0.075260 0.135185
0 0.874740 0.665509 0.073958 0.081944
