0 0.035026 0.222222 0.029948 0.030556
0 0.107031 0.342593 0.193229 0.239815
0 0.049089 0.556250 0.076302 0.112500
0 0.209115 0.568981 0.091667 0.077778
0 0.141146 0.715509 0.065625 0.107870
0 0.262109 0.814120 0.140885 0.246759
0 0.066797 0.830556 0.088802 0.201852
0 0.023568 0.833565 0.022656 0.042130
0 0.010156 0.855787 0.019792 0.056019
0 0.247266 0.945833 0.036719 0.038889
0 0.033203 0.983102 0.051302 0.033796
0 0.420182 0.935648 0.172656 0.128704
0 0.380859 0.965741 0.025781 0.024074
0 0.488021 0.871991 0.028646 0.026389
0 0.564453 0.812037 0.263802 0.129630
0 0.640885 0.669444 0.009375 0.011111
0 0.567448 0.982407 0.022917 0.024074
0 0.663542 0.913889 0.105729 0.099074
0 0.768359 0.872222 0.033594 0.046296
0 0.972526 0.796528 0.054948 0.078241
0 0.819010 0.635185 0.089063 0.125000
0 0.736979 0.526620 0.052083 0.059722
0 0.630208 0.593519 0.059375 0.087037
0 0.376953 0.481250 0.128385 0.095833
0 0.350130 0.086111 0.054948 0.096296
0 0.338542 0.170833 0.016667 0.023148
0 0.345964 0.259722 0.090885 0.085185
0 0.475391 0.205787 0.115365 0.135648
0 0.411068 0.011574 0.052865 0.021296
0 0.609115 0.328241 0.280208 0.342593
0 0.746484 0.447917 0.088802 0.098611
0 0.750911 0.029630 0.187760 0.058333
0 0.992969 0.094676 0.014063 0.065278
0 0.931771 0.340046 0.058854 0.047685
0 0.985026 0.360185 0.026302 0.029630
0 0.948047 0.432870 0.078906 0.087037
0 0.990755 0.495602 0.018490 0.069907
