0 0.634245 0.386574 0.118490 0.151852
0 0.795703 0.300926 0.136719 0.077778
0 0.542708 0.176157 0.041146 0.075463
0 0.477865 0.070602 0.010417 0.021759
0 0.275391 0.142361 0.166406 0.144907
0 0.795052 0.049769 0.031771 0.041204
0 0.749479 0.037963 0.024479 0.037963
0 0.764193 0.112037 0.023698 0.032407
0 0.873828 0.164815 0.072656 0.103704
0 0.939323 0.266667 0.073958 0.078704
0 0.961849 0.392130 0.076302 0.110185
0 0.976302 0.655093 0.047396 0.095370
0 0.972005 0.776157 0.055990 0.151389
0 0.997396 0.903472 0.005208 0.031944
0 0.996484 0.871991 0.007031 0.017130
