0 0.243229 0.710185 0.041146 0.042593
0 0.562500 0.784954 0.095833 0.080093
0 0.708724 0.774074 0.029948 0.037037
0 0.665104 0.349074 0.053646 0.042593
0 0.477474 0.333565 0.020573 0.030093
0 0.538021 0.283102 0.096354 0.074537
0 0.464062 0.227083 0.054167 0.062500
0 0.580208 0.918750 0.009896 0.010648
0 0.598307 0.919444 0.030469 0.033333
0 0.245964 0.968519 0.017448 0.022222
0 0.310677 0.020370 0.064583 0.039815
0 0.747917 0.100000 0.014063 0.025000
0 0.781250 0.145833 0.010937 0.019444
0 0.848828 0.185185 0.034635 0.037963
0 0.848437 0.228935 0.011458 0.014352
0 0.846875 0.248380 0.019792 0.018056
0 0.867188 0.225926 0.008854 0.012037
0 0.904557 0.264352 0.017448 0.022222
0 0.933854 0.103241 0.039583 0.043519
