0 0.554036 0.190741 0.139323 0.118519
0 0.608073 0.565509 0.048958 0.081944
0 0.495052 0.680093 0.039583 0.051852
0 0.420182 0.708796 0.065885 0.054630
0 0.311589 0.580093 0.279948 0.266667
0 0.236849 0.755787 0.029427 0.025463
0 0.185938 0.811574 0.023438 0.030556
0 0.358203 0.889583 0.186719 0.193981
0 0.526563 0.955093 0.152604 0.089815
0 0.638151 0.978935 0.013281 0.022685
0 0.176172 0.973843 0.080469 0.052315
0 0.164062 0.918981 0.046875 0.040741
0 0.135807 0.990972 0.029427 0.018056
0 0.035807 0.766435 0.071094 0.123611
0 0.839714 0.631944 0.078385 0.123148
0 0.933333 0.961806 0.076563 0.076389
0 0.877604 0.799769 0.089063 0.091204
0 0.791797 0.906019 0.023177 0.028704
0 0.994531 0.944444 0.010937 0.055556
0 0.802865 0.080093 0.149479 0.147222
0 0.938281 0.043287 0.013542 0.014352
0 0.026823 0.377546 0.051562 0.050463
0 0.077474 0.228241 0.152865 0.116667
0 0.248438 0.050926 0.062500 0.064815
