0 0.112370 0.890278 0.057031 0.072222
0 0.254688 0.947222 0.041667 0.061111
0 0.038021 0.826852 0.009896 0.011111
0 0.063802 0.820602 0.008333 0.011574
0 0.019792 0.450231 0.039062 0.048611
0 0.308333 0.470139 0.036458 0.037500
0 0.181380 0.187963 0.078906 0.144444
0 0.443750 0.294676 0.102083 0.087500
0 0.524609 0.318287 0.016406 0.027315
0 0.570443 0.386111 0.082552 0.105556
0 0.609505 0.242361 0.044531 0.032870
0 0.532552 0.181944 0.036979 0.045370
0 0.661979 0.188194 0.016146 0.018056
0 0.617188 0.081250 0.018229 0.025463
0 0.240365 0.032176 0.101042 0.063426
0 0.150391 0.050463 0.018490 0.028704
0 0.535156 0.905093 0.008854 0.020370
0 0.538932 0.974074 0.003385 0.006481
0 0.652344 0.852315 0.069271 0.080556
0 0.657292 0.994907 0.012500 0.010185
0 0.858333 0.903472 0.126562 0.135648
0 0.934766 0.930787 0.014323 0.026389
0 0.762891 0.958565 0.008594 0.011574
0 0.990365 0.932407 0.019271 0.041667
0 0.993750 0.886111 0.012500 0.042593
0 0.823568 0.641667 0.183073 0.182407
0 0.726693 0.443287 0.096615 0.204167
0 0.746615 0.301157 0.066667 0.070833
0 0.839844 0.150000 0.080729 0.078704
0 0.827214 0.040278 0.041406 0.057407
0 0.860156 0.069213 0.041667 0.051389
0 0.919792 0.064120 0.023438 0.032870
0 0.957161 0.018981 0.031510 0.030556
