0 0.885026 0.897222 0.213281 0.185185
0 0.887760 0.701157 0.155729 0.135648
0 0.776302 0.821296 0.128125 0.113889
0 0.702865 0.854398 0.021875 0.029167
0 0.661849 0.857639 0.021094 0.027315
0 0.691276 0.718981 0.055990 0.062037
0 0.600130 0.702315 0.065885 0.047222
0 0.638542 0.633102 0.021354 0.018056
0 0.616276 0.804167 0.012760 0.012037
0 0.618099 0.851389 0.018490 0.029630
0 0.538281 0.612269 0.069792 0.052315
0 0.737500 0.424306 0.055208 0.053241
0 0.672135 0.395370 0.014583 0.014815
0 0.690104 0.050926 0.203646 0.100926
0 0.750651 0.973611 0.042969 0.052778
0 0.641406 0.987269 0.068229 0.025463
0 0.924349 0.307407 0.137240 0.158333
0 0.956901 0.163194 0.086198 0.070833
0 0.966406 0.050000 0.018229 0.015741
0 0.520443 0.199537 0.063281 0.062963
0 0.367188 0.462731 0.038542 0.083796
0 0.421094 0.530324 0.017708 0.033796
0 0.378516 0.544213 0.015885 0.021759
0 0.339193 0.559028 0.013281 0.012500
0 0.248568 0.460648 0.014323 0.020370
0 0.266146 0.485648 0.016667 0.018519
0 0.288021 0.337037 0.126562 0.079630
0 0.431510 0.302546 0.152604 0.099537
0 0.332422 0.188194 0.228906 0.183796
0 0.383464 0.760880 0.177344 0.136574
0 0.439193 0.986111 0.075781 0.027778
0 0.361979 0.933796 0.327604 0.132407
0 0.078255 0.911574 0.126823 0.121296
0 0.032292 0.742361 0.064062 0.087500
0 0.013802 0.806944 0.027083 0.072222
0 0.176563 0.627778 0.244271 0.294444
0 0.303516 0.736574 0.007552 0.012963
0 0.187240 0.437037 0.129688 0.121296
0 0.137240 0.450463 0.043750 0.039815
0 0.012240 0.505556 0.023958 0.048148
0 0.069401 0.378704 0.116406 0.159259
0 0.093229 0.179861 0.185938 0.199537
0 0.138151 0.059722 0.071615 0.078704
0 0.252734 0.044676 0.054427 0.068056
0 0.070312 0.018056 0.056771 0.035185
0 0.017057 0.017593 0.033594 0.034259
