0 0.141276 0.564815 0.280990 0.262037
0 0.776823 0.686343 0.105208 0.106944
0 0.739583 0.867824 0.040625 0.056019
0 0.651693 0.699074 0.031510 0.035185
0 0.567708 0.704167 0.041146 0.053704
0 0.557031 0.808102 0.019271 0.035648
0 0.651693 0.899074 0.024219 0.051852
0 0.628906 0.899537 0.023958 0.025000
0 0.664323 0.825000 0.009896 0.032407
0 0.449219 0.932639 0.044792 0.028241
0 0.395964 0.915509 0.013281 0.010648
0 0.409375 0.934954 0.020313 0.018981
0 0.414062 0.952546 0.016146 0.013426
0 0.588932 0.702315 0.006510 0.006481
0 0.607552 0.710185 0.009375 0.010185
0 0.650000 0.781713 0.008854 0.007870
0 0.611068 0.785648 0.010677 0.014815
