0 0.416536 0.615509 0.137760 0.119907
0 0.576172 0.651389 0.032552 0.050926
0 0.694010 0.660417 0.026042 0.019907
0 0.680469 0.673380 0.011979 0.013426
0 0.769922 0.564120 0.058594 0.063426
0 0.838672 0.627546 0.029948 0.028241
0 0.797005 0.484259 0.084115 0.082407
0 0.785156 0.357407 0.057813 0.072222
0 0.354427 0.372917 0.062500 0.071759
0 0.116797 0.448611 0.041406 0.053704
0 0.037891 0.411111 0.022135 0.030556
0 0.024219 0.433565 0.030729 0.025463
0 0.025130 0.519444 0.049740 0.120370
0 0.026172 0.759722 0.025260 0.048148
0 0.009766 0.863657 0.019010 0.027315
0 0.113411 0.984028 0.026823 0.031944
0 0.481250 0.803935 0.019792 0.031944
0 0.525911 0.814352 0.025781 0.046296
0 0.615104 0.851852 0.010937 0.012037
0 0.755729 0.871296 0.076563 0.105556
0 0.806771 0.905093 0.033854 0.052778
0 0.774870 0.953472 0.028385 0.039352
0 0.861328 0.826389 0.044531 0.096296
0 0.980990 0.434954 0.038021 0.058796
0 0.422656 0.289120 0.025000 0.040278
0 0.439193 0.189815 0.080990 0.089815
0 0.423828 0.070139 0.141406 0.127315
0 0.511979 0.023611 0.052604 0.046296
0 0.541016 0.250926 0.025260 0.038889
