0 0.748568 0.972454 0.235156 0.055093
0 0.549479 0.937731 0.160938 0.124537
0 0.470182 0.715278 0.059115 0.059259
0 0.391406 0.741204 0.027604 0.040741
0 0.454036 0.926852 0.030469 0.043519
0 0.373958 0.771528 0.381771 0.294907
0 0.293099 0.982870 0.027865 0.033333
0 0.232292 0.568750 0.079167 0.090278
0 0.351823 0.329398 0.071354 0.044907
0 0.331771 0.347685 0.022917 0.020370
0 0.223047 0.400231 0.198698 0.213426
0 0.072135 0.530787 0.033854 0.036574
0 0.119661 0.618981 0.045052 0.052778
0 0.097656 0.181944 0.057813 0.041667
0 0.124089 0.271528 0.071615 0.075463
0 0.180469 0.199537 0.062500 0.098148
0 0.200260 0.164120 0.023438 0.029167
0 0.247526 0.138889 0.128906 0.139815
0 0.118620 0.097917 0.132031 0.097685
0 0.152865 0.033565 0.083854 0.064352
0 0.230078 0.023843 0.070052 0.046759
