0 0.761849 0.207870 0.065365 0.087037
0 0.726172 0.440509 0.106510 0.077315
0 0.776042 0.584722 0.110937 0.112963
0 0.667318 0.663426 0.022656 0.035185
0 0.511198 0.582870 0.017708 0.016667
0 0.971224 0.594213 0.057552 0.123611
0 0.975911 0.414815 0.048177 0.055556
0 0.832031 0.774769 0.106771 0.064352
0 0.891146 0.762963 0.033333 0.039815
0 0.914714 0.751157 0.023698 0.039352
0 0.889193 0.804398 0.017448 0.020833
0 0.779948 0.832870 0.041146 0.051852
0 0.717839 0.866898 0.094531 0.094907
0 0.889714 0.858102 0.079948 0.068056
0 0.826693 0.946759 0.161198 0.106481
0 0.289714 0.542130 0.083073 0.078704
0 0.354036 0.618519 0.023177 0.025000
0 0.375000 0.638889 0.037500 0.040741
0 0.400130 0.583102 0.016406 0.023611
0 0.475130 0.554630 0.017448 0.034259
0 0.143359 0.769213 0.286198 0.285648
0 0.165885 0.928241 0.026042 0.026852
0 0.321615 0.946296 0.079167 0.076852
0 0.403125 0.836574 0.040104 0.025926
0 0.049089 0.987500 0.033594 0.025000
0 0.277214 0.333565 0.065885 0.087500
0 0.124089 0.255324 0.193490 0.157870
