0 0.329688 0.565046 0.060417 0.062500
0 0.319141 0.711574 0.027344 0.029630
0 0.244271 0.925000 0.018229 0.030556
0 0.554036 0.959259 0.037240 0.038889
0 0.625651 0.846296 0.008073 0.014815
0 0.686849 0.928704 0.078385 0.043519
0 0.719792 0.842130 0.031771 0.048148
0 0.803125 0.954167 0.170313 0.091667
0 0.877083 0.893519 0.009375 0.012037
0 0.804427 0.754167 0.010937 0.012037
0 0.820312 0.753704 0.009896 0.012037
0 0.865495 0.707407 0.007552 0.011111
0 0.972786 0.704398 0.025781 0.040278
0 0.947656 0.627778 0.104688 0.087037
0 0.980339 0.512963 0.039323 0.071296
0 0.919401 0.400231 0.062760 0.075463
0 0.686979 0.381944 0.043750 0.055556
0 0.774740 0.513426 0.247396 0.293519
0 0.866797 0.258565 0.027865 0.057870
0 0.717969 0.280324 0.098958 0.100463
0 0.678255 0.190972 0.069010 0.051389
0 0.783203 0.041204 0.057552 0.056481
0 0.891016 0.138194 0.217969 0.275463
0 0.705599 0.103704 0.096094 0.066667
0 0.586719 0.086806 0.194271 0.172685
0 0.547005 0.458565 0.028385 0.033796
0 0.618620 0.468519 0.024740 0.025926
0 0.558203 0.492824 0.044010 0.040278
0 0.610677 0.431019 0.013021 0.020370
0 0.612760 0.302315 0.028646 0.057407
0 0.605339 0.335185 0.009635 0.012963
0 0.635286 0.292593 0.017448 0.021296
0 0.610938 0.259491 0.018229 0.020833
0 0.496094 0.257407 0.031771 0.055556
0 0.454036 0.206250 0.066927 0.093056
0 0.345964 0.199537 0.083594 0.057407
0 0.272917 0.333333 0.181771 0.313889
0 0.133073 0.874306 0.099479 0.121759
0 0.035026 0.963194 0.069531 0.073611
0 0.028255 0.342593 0.054948 0.092593
0 0.034375 0.252083 0.059375 0.072685
0 0.068490 0.116667 0.021354 0.037037
0 0.126432 0.015046 0.059115 0.028241
0 0.006250 0.018287 0.011979 0.034722
