0 0.334115 0.512037 0.146354 0.192593
0 0.382682 0.365509 0.045052 0.056019
0 0.465365 0.378472 0.058333 0.056944
0 0.201563 0.367593 0.095312 0.100926
0 0.021615 0.400926 0.041667 0.062963
0 0.017578 0.463426 0.034635 0.079630
0 0.274089 0.838426 0.035156 0.056481
0 0.267448 0.928241 0.023438 0.028704
0 0.189323 0.835185 0.025000 0.023148
0 0.376432 0.851620 0.023177 0.024537
0 0.392708 0.738194 0.033854 0.050463
0 0.502214 0.969444 0.029427 0.035185
0 0.768490 0.515509 0.131250 0.128241
0 0.915104 0.553241 0.021875 0.035185
0 0.888021 0.680093 0.025000 0.036111
0 0.849219 0.682407 0.013021 0.024074
0 0.964063 0.701389 0.008854 0.012963
0 0.831380 0.348843 0.010677 0.023611
0 0.852604 0.165972 0.021875 0.043056
0 0.747917 0.212037 0.030208 0.050926
0 0.747135 0.107176 0.094792 0.093056
0 0.724089 0.031250 0.113802 0.061574
0 0.691146 0.296296 0.055729 0.088889
0 0.754818 0.985648 0.039323 0.028704
0 0.700130 0.992361 0.010677 0.015278
