0 0.542578 0.445139 0.095052 0.085648
0 0.488411 0.493519 0.109115 0.089815
0 0.094010 0.742130 0.187500 0.204630
0 0.016927 0.877778 0.033333 0.043519
0 0.058594 0.914352 0.026562 0.035185
0 0.087500 0.965278 0.055729 0.055556
0 0.198307 0.971991 0.114844 0.056019
0 0.278125 0.991898 0.016146 0.016204
0 0.022786 0.958565 0.045052 0.082870
0 0.368359 0.904861 0.024219 0.010648
0 0.650000 0.851852 0.006250 0.012037
0 0.229036 0.500694 0.028906 0.026389
0 0.220573 0.523148 0.008854 0.010185
0 0.906771 0.415046 0.113021 0.067130
0 0.935156 0.452546 0.019271 0.034722
0 0.042188 0.356250 0.083854 0.142130
0 0.094792 0.231713 0.096875 0.101389
0 0.319922 0.026852 0.094531 0.052778
0 0.225260 0.030556 0.044271 0.059259
0 0.471354 0.047454 0.160417 0.093056
0 0.542448 0.132407 0.110417 0.071296
0 0.056510 0.021759 0.063021 0.042593
0 0.873177 0.198380 0.222396 0.209722
0 0.994141 0.260185 0.011719 0.018519
0 0.973437 0.340972 0.053125 0.112500
