0 0.177474 0.836574 0.024740 0.029630
0 0.203385 0.835185 0.025521 0.033333
0 0.191536 0.900694 0.020573 0.021759
0 0.282943 0.942824 0.038281 0.051389
0 0.010937 0.863426 0.020833 0.042593
0 0.028125 0.912037 0.023438 0.028704
0 0.485807 0.869213 0.031510 0.037500
0 0.753516 0.859491 0.069010 0.068981
0 0.781641 0.904398 0.028906 0.037500
0 0.796745 0.803704 0.032031 0.047222
0 0.825000 0.793981 0.024479 0.025926
0 0.822266 0.938194 0.040885 0.043056
0 0.904948 0.827546 0.190104 0.181019
0 0.958464 0.984722 0.037760 0.030556
0 0.989974 0.652546 0.020052 0.043981
0 0.881120 0.610880 0.062760 0.087500
0 0.663281 0.699537 0.050000 0.083333
0 0.695052 0.660880 0.028125 0.042130
0 0.717057 0.656250 0.020052 0.026389
0 0.730469 0.669213 0.014063 0.018981
0 0.690755 0.632407 0.020573 0.017593
0 0.689974 0.590972 0.042448 0.057870
0 0.746875 0.307639 0.218750 0.307870
0 0.601302 0.110185 0.161458 0.151852
0 0.682813 0.028241 0.023438 0.037963
0 0.647005 0.009722 0.041406 0.018519
0 0.456510 0.046296 0.086458 0.067593
0 0.522526 0.008565 0.028385 0.016204
0 0.268099 0.060648 0.046615 0.046296
0 0.234375 0.014352 0.033854 0.027778
0 0.161198 0.076852 0.033854 0.039815
0 0.980208 0.372454 0.039583 0.049537
0 0.988802 0.457870 0.014063 0.018519
0 0.795182 0.542593 0.020052 0.018519
