0 0.070833 0.622222 0.005729 0.008333
0 0.164714 0.634028 0.037240 0.024537
0 0.302214 0.587037 0.021615 0.021296
0 0.189844 0.730324 0.044271 0.055093
0 0.167187 0.822917 0.023438 0.027315
0 0.190625 0.800926 0.006250 0.008333
0 0.234375 0.837963 0.114583 0.075000
0 0.348047 0.832870 0.017448 0.018519
0 0.177214 0.909491 0.087240 0.102315
0 0.299219 0.897454 0.028646 0.025463
0 0.555078 0.583102 0.034115 0.045833
0 0.642839 0.635417 0.032031 0.031019
0 0.569661 0.715509 0.134635 0.165278
0 0.850130 0.626852 0.019010 0.015741
0 0.840625 0.639815 0.009896 0.013889
0 0.740104 0.829861 0.015625 0.018981
0 0.729297 0.845139 0.007552 0.012500
0 0.708724 0.857639 0.004427 0.009722
0 0.694010 0.860185 0.027083 0.030556
0 0.827604 0.885880 0.029687 0.034722
0 0.868229 0.921991 0.038021 0.021759
0 0.401823 0.171065 0.052083 0.050463
0 0.867839 0.487500 0.013281 0.025926
