0 0.811458 0.346528 0.131771 0.170833
0 0.724740 0.543056 0.022917 0.037037
0 0.826562 0.690046 0.023438 0.022685
0 0.965755 0.715741 0.068490 0.119444
0 0.894010 0.886343 0.110937 0.161574
0 0.619141 0.801620 0.040365 0.025463
0 0.661328 0.792361 0.009115 0.009722
0 0.657682 0.801620 0.008073 0.007870
0 0.609245 0.915278 0.019531 0.037963
0 0.445833 0.868056 0.016667 0.020370
0 0.433854 0.864120 0.007292 0.012500
0 0.407422 0.930556 0.024740 0.028704
0 0.301953 0.314583 0.085156 0.168981
0 0.210026 0.404630 0.161198 0.187963
0 0.074479 0.449537 0.138542 0.187037
0 0.379948 0.034954 0.140104 0.068981
0 0.090234 0.103241 0.100781 0.084259
