0 0.889714 0.794907 0.149219 0.225000
0 0.800260 0.607407 0.047396 0.061111
0 0.701042 0.598611 0.025000 0.040741
0 0.690365 0.541667 0.061979 0.044444
0 0.720182 0.669213 0.011198 0.010648
0 0.586068 0.849537 0.134635 0.123148
0 0.533333 0.978472 0.025000 0.031019
0 0.474479 0.842361 0.016146 0.014352
0 0.379036 0.922454 0.057552 0.109722
0 0.294401 0.900926 0.115885 0.112963
0 0.170313 0.892824 0.030208 0.086574
0 0.164714 0.806250 0.030990 0.029167
0 0.429557 0.712500 0.402865 0.206481
0 0.534896 0.636111 0.021875 0.023148
0 0.351302 0.737037 0.019271 0.025000
0 0.366406 0.579630 0.028646 0.036111
0 0.338932 0.399306 0.064844 0.060648
0 0.664844 0.396991 0.115104 0.072685
0 0.256771 0.541898 0.078646 0.084722
0 0.100781 0.635880 0.168750 0.208796
0 0.197396 0.568056 0.022396 0.033333
0 0.126823 0.518981 0.049479 0.057407
0 0.047135 0.828009 0.092188 0.161574
0 0.066797 0.966435 0.047656 0.067130
0 0.033594 0.454398 0.066146 0.090278
0 0.110286 0.257639 0.218490 0.514352
0 0.173958 0.137500 0.059375 0.087037
0 0.166406 0.040741 0.085938 0.075926
0 0.275521 0.165741 0.140104 0.251852
0 0.290885 0.015972 0.040104 0.028241
0 0.365104 0.067361 0.129688 0.131019
0 0.535026 0.259259 0.286198 0.158333
0 0.523177 0.125000 0.023958 0.041667
0 0.562370 0.132870 0.013802 0.023148
0 0.785937 0.188426 0.235937 0.186111
0 0.785807 0.053009 0.187240 0.105093
0 0.979297 0.100926 0.041406 0.056481
0 0.978906 0.155787 0.042188 0.040278
