0 0.281250 0.465046 0.051562 0.053241
0 0.264714 0.559028 0.033594 0.036574
0 0.234635 0.556944 0.016146 0.018519
0 0.210807 0.589583 0.013802 0.016204
0 0.186068 0.591667 0.019010 0.026852
0 0.185677 0.642824 0.018229 0.020833
0 0.382161 0.630787 0.025781 0.026389
0 0.119531 0.696991 0.072917 0.105093
0 0.199740 0.696759 0.013021 0.021296
0 0.250651 0.705556 0.021615 0.020370
0 0.253385 0.801852 0.060417 0.083333
0 0.028255 0.823843 0.017448 0.020833
0 0.123047 0.924074 0.221615 0.151852
0 0.032813 0.869213 0.021354 0.028241
0 0.055729 0.867361 0.011458 0.019907
0 0.036719 0.890278 0.010417 0.010185
0 0.013021 0.867593 0.025000 0.036111
0 0.123568 0.373611 0.063802 0.090741
0 0.118359 0.280787 0.053385 0.100463
0 0.050781 0.380093 0.101042 0.254630
0 0.612109 0.840741 0.032552 0.025000
0 0.537240 0.906944 0.015104 0.028704
0 0.012500 0.074074 0.023958 0.031481
0 0.084635 0.034028 0.025521 0.041204
