0 0.960938 0.786574 0.078125 0.162037
0 0.613021 0.694444 0.108333 0.070370
0 0.609766 0.628472 0.039323 0.034722
0 0.696484 0.653935 0.013802 0.016204
0 0.620964 0.844676 0.021094 0.017130
0 0.812891 0.888426 0.053385 0.097222
0 0.856120 0.873843 0.009635 0.017130
0 0.907161 0.734028 0.063281 0.052315
0 0.840365 0.741435 0.017188 0.029167
0 0.963021 0.673380 0.009896 0.019907
0 0.990625 0.640046 0.010417 0.025463
0 0.950911 0.709722 0.008594 0.012963
0 0.848958 0.549769 0.279167 0.325463
0 0.784896 0.457176 0.072396 0.065278
0 0.845573 0.361574 0.086979 0.037037
0 0.958984 0.374306 0.053385 0.042130
0 0.911328 0.387731 0.013281 0.022685
0 0.991406 0.344213 0.017188 0.026389
0 0.994010 0.278472 0.011979 0.019907
0 0.929036 0.116898 0.141927 0.232870
0 0.646745 0.161111 0.062760 0.037963
0 0.575651 0.176389 0.137760 0.126852
0 0.394792 0.173611 0.077604 0.060185
0 0.460938 0.302546 0.078646 0.109722
0 0.421745 0.484954 0.065365 0.066204
0 0.250781 0.925926 0.172917 0.148148
0 0.722786 0.940741 0.085156 0.118519
0 0.726953 0.850000 0.035677 0.054630
0 0.700391 0.859722 0.018490 0.019444
0 0.711328 0.818519 0.007552 0.009259
0 0.604818 0.983796 0.055990 0.032407
0 0.558984 0.925694 0.250260 0.148611
0 0.034896 0.905324 0.040104 0.053241
0 0.425651 0.651852 0.178906 0.258333
0 0.280469 0.569907 0.197396 0.223148
0 0.304036 0.418056 0.125260 0.087037
0 0.264714 0.375231 0.035156 0.034722
0 0.179427 0.719213 0.358333 0.300463
0 0.094661 0.548843 0.127865 0.102315
0 0.099089 0.517593 0.021094 0.020370
0 0.023438 0.567593 0.046354 0.048148
0 0.123177 0.358102 0.245833 0.346759
0 0.206771 0.437269 0.034896 0.034722
0 0.248047 0.171296 0.126823 0.077778
