0 0.627474 0.775694 0.134115 0.156019
0 0.498047 0.797454 0.085677 0.095833
0 0.803646 0.900231 0.127604 0.199537
0 0.915495 0.717593 0.084115 0.101852
0 0.990234 0.837963 0.019531 0.034259
0 0.850911 0.898148 0.013281 0.014815
0 0.797656 0.958565 0.010417 0.013426
0 0.305208 0.932407 0.180729 0.135185
0 0.064844 0.971991 0.128646 0.056019
0 0.248307 0.639583 0.046615 0.058796
0 0.107161 0.667593 0.007552 0.011111
0 0.115234 0.513889 0.017969 0.017593
0 0.023438 0.449537 0.046354 0.088889
0 0.070312 0.243056 0.140104 0.188889
0 0.364844 0.155787 0.144792 0.116204
0 0.557552 0.146759 0.192708 0.147222
0 0.709896 0.249537 0.146354 0.097222
0 0.730078 0.157639 0.074219 0.076389
0 0.773438 0.147685 0.009375 0.016667
0 0.748828 0.049074 0.022656 0.037963
0 0.828125 0.086111 0.020833 0.037963
0 0.939974 0.210880 0.120052 0.263426
0 0.268620 0.063194 0.144531 0.122685
