0 0.127083 0.824537 0.009375 0.012037
0 0.020052 0.971065 0.039583 0.057870
0 0.255859 0.472222 0.119531 0.136111
0 0.108073 0.014815 0.044271 0.028704
0 0.336589 0.280093 0.197656 0.111111
0 0.566927 0.312269 0.189583 0.209722
0 0.766927 0.321296 0.109375 0.135185
0 0.818099 0.252315 0.019010 0.027778
0 0.849349 0.287731 0.045573 0.033796
0 0.863281 0.144213 0.058333 0.095833
0 0.898438 0.372917 0.013021 0.027315
0 0.823568 0.446991 0.011198 0.017130
0 0.898438 0.565972 0.013542 0.018981
0 0.815234 0.635185 0.135156 0.189815
0 0.800130 0.893287 0.334115 0.120833
0 0.965234 0.899537 0.008073 0.020370
0 0.843099 0.803472 0.044010 0.059722
0 0.750391 0.822454 0.033073 0.030093
0 0.654167 0.781250 0.026562 0.035648
0 0.481901 0.682176 0.213802 0.243981
0 0.405859 0.526157 0.014844 0.031019
0 0.994922 0.480787 0.010156 0.050463
