0 0.445182 0.281250 0.127344 0.074537
0 0.606771 0.271759 0.026042 0.025926
0 0.676432 0.471296 0.023177 0.034259
0 0.559245 0.595602 0.010156 0.012500
0 0.603255 0.853241 0.030990 0.031481
0 0.618490 0.836343 0.006250 0.011574
0 0.498698 0.914120 0.006250 0.006944
0 0.486849 0.959259 0.009115 0.008333
0 0.780208 0.873843 0.051562 0.043056
0 0.914323 0.892361 0.063021 0.073611
0 0.903906 0.833102 0.016146 0.023611
0 0.958854 0.814120 0.010417 0.017130
0 0.975000 0.815741 0.010937 0.020370
0 0.981641 0.805093 0.005990 0.010185
0 0.965495 0.828935 0.013802 0.010648
0 0.986979 0.826157 0.026042 0.031019
0 0.974089 0.853935 0.004427 0.009722
0 0.954557 0.877315 0.006510 0.008333
0 0.920703 0.600926 0.022656 0.025926
0 0.863281 0.389120 0.022917 0.040278
0 0.940234 0.326852 0.015365 0.022222
0 0.982682 0.416435 0.022135 0.029167
0 0.945964 0.046991 0.037240 0.040278
0 0.411719 0.741435 0.007812 0.008796
