0 0.095573 0.148611 0.015625 0.020370
0 0.097266 0.246296 0.124740 0.132407
0 0.010547 0.314352 0.020573 0.064815
0 0.026432 0.530787 0.052344 0.093981
0 0.039844 0.945833 0.079167 0.108333
0 0.082552 0.910880 0.014063 0.017130
0 0.106641 0.919676 0.016927 0.010648
0 0.157943 0.864583 0.244531 0.119907
0 0.237109 0.757407 0.009115 0.015741
0 0.243099 0.971065 0.109115 0.057870
0 0.346354 0.969213 0.031771 0.031019
0 0.225391 0.410417 0.287760 0.377315
0 0.362760 0.544676 0.080208 0.103241
0 0.344401 0.623611 0.047656 0.061111
0 0.230729 0.675000 0.057292 0.075000
0 0.426042 0.743056 0.088021 0.132407
0 0.467708 0.456250 0.014063 0.018981
0 0.451172 0.628241 0.010156 0.021296
0 0.733854 0.825463 0.118229 0.112963
0 0.631380 0.618519 0.182552 0.234259
0 0.640365 0.474306 0.037500 0.052315
0 0.575391 0.449769 0.070573 0.066204
0 0.843099 0.768056 0.063802 0.115741
0 0.994271 0.885880 0.011458 0.061574
0 0.942969 0.661806 0.064062 0.044907
0 0.819010 0.658333 0.067708 0.107407
0 0.858594 0.552778 0.189583 0.210185
0 0.602214 0.953472 0.090365 0.071759
0 0.909896 0.954630 0.016146 0.015741
0 0.840104 0.965278 0.026562 0.030556
0 0.776432 0.951157 0.048698 0.048611
0 0.572917 0.195602 0.017188 0.025463
0 0.727344 0.210880 0.111979 0.118056
0 0.745052 0.286574 0.034896 0.054630
0 0.845443 0.311343 0.094531 0.083796
0 0.395313 0.065046 0.210417 0.129167
