0 0.825000 0.675000 0.131250 0.112037
0 0.876172 0.571528 0.035677 0.040278
0 0.775911 0.507639 0.041927 0.052315
0 0.951823 0.463194 0.039583 0.053241
0 0.949349 0.685185 0.101302 0.120370
0 0.842969 0.829398 0.155729 0.142130
0 0.798958 0.964815 0.140625 0.070370
0 0.848437 0.340972 0.088542 0.099537
0 0.786068 0.273380 0.051302 0.056944
0 0.710417 0.382870 0.141146 0.163889
0 0.622526 0.405324 0.068490 0.084722
0 0.686198 0.466898 0.023438 0.033796
0 0.665755 0.523380 0.063281 0.118981
0 0.580859 0.516435 0.110677 0.165278
0 0.667188 0.796759 0.176042 0.170370
0 0.192969 0.695833 0.070833 0.078704
0 0.112370 0.726620 0.108594 0.085648
0 0.152604 0.807639 0.043750 0.055093
0 0.133073 0.847685 0.050000 0.037963
0 0.034896 0.937037 0.069271 0.124074
0 0.199219 0.981713 0.108854 0.036574
0 0.229167 0.946991 0.015104 0.019907
0 0.280078 0.931250 0.023698 0.028241
0 0.266406 0.633796 0.043750 0.045370
0 0.043620 0.700926 0.054427 0.045370
0 0.020052 0.730093 0.039583 0.112037
0 0.461719 0.831713 0.508333 0.336574
0 0.408073 0.255787 0.107813 0.128241
0 0.495703 0.329167 0.086719 0.100926
0 0.491667 0.398148 0.101562 0.087037
0 0.484896 0.606944 0.272396 0.322222
0 0.407682 0.463194 0.174740 0.143056
0 0.303906 0.399537 0.164583 0.324074
0 0.128646 0.342824 0.256771 0.681944
0 0.258073 0.176157 0.130208 0.123611
0 0.331250 0.083333 0.235417 0.162963
0 0.662500 0.154630 0.453125 0.305556
0 0.910026 0.222222 0.179948 0.207407
0 0.745313 0.063426 0.134375 0.121296
0 0.989323 0.031250 0.021354 0.053241
