0 0.748177 0.245139 0.084896 0.085648
0 0.700521 0.269213 0.113021 0.093981
0 0.751693 0.436806 0.108594 0.101389
0 0.779427 0.538426 0.034896 0.040741
0 0.828385 0.447685 0.040625 0.037963
0 0.815755 0.335648 0.084115 0.078704
0 0.873828 0.339583 0.032552 0.038426
0 0.829688 0.272222 0.075521 0.089815
0 0.892969 0.456019 0.075521 0.100926
0 0.958464 0.394213 0.052865 0.093056
0 0.899479 0.545370 0.047396 0.048148
0 0.961198 0.590741 0.077604 0.085185
0 0.982943 0.662269 0.034115 0.050463
0 0.964844 0.728241 0.024479 0.055556
0 0.769271 0.616667 0.069792 0.100926
0 0.704036 0.616898 0.062240 0.081019
0 0.850911 0.727083 0.189323 0.219907
0 0.561849 0.441204 0.060677 0.053704
0 0.577995 0.655324 0.059115 0.077315
0 0.522396 0.652778 0.055729 0.046296
0 0.483464 0.643750 0.039323 0.040278
0 0.398958 0.647685 0.108333 0.102778
0 0.285417 0.520370 0.196875 0.193519
0 0.325911 0.375000 0.073698 0.062037
0 0.401042 0.463194 0.046354 0.055093
0 0.392708 0.497454 0.030208 0.035648
0 0.235807 0.342361 0.070573 0.090278
0 0.112370 0.660648 0.032552 0.037963
0 0.050000 0.675463 0.040104 0.048148
0 0.088281 0.753472 0.040104 0.046759
0 0.034505 0.724769 0.067969 0.081019
0 0.071224 0.514120 0.140365 0.191204
0 0.108464 0.404630 0.076823 0.071296
0 0.048958 0.348380 0.095833 0.088426
0 0.101693 0.286574 0.128906 0.100926
0 0.127474 0.183333 0.096094 0.100926
0 0.037891 0.093750 0.075260 0.147685
0 0.367578 0.185417 0.254427 0.256944
0 0.546094 0.075926 0.073958 0.054630
0 0.499609 0.139583 0.059635 0.051389
0 0.616016 0.227083 0.060677 0.043056
0 0.571224 0.199074 0.036198 0.030556
0 0.566536 0.231481 0.040365 0.046296
