0 0.706380 0.539583 0.103385 0.092130
0 0.862370 0.516204 0.062760 0.057407
0 0.957682 0.442824 0.010156 0.014352
0 0.982422 0.368056 0.035156 0.059259
0 0.708464 0.849074 0.023177 0.034259
0 0.735677 0.849306 0.034375 0.051389
0 0.694271 0.901852 0.009375 0.012963
0 0.696875 0.951620 0.011458 0.012500
0 0.805859 0.953241 0.031510 0.027778
0 0.859245 0.763426 0.016406 0.025926
0 0.860156 0.940278 0.013021 0.012037
0 0.844922 0.952778 0.004948 0.007407
0 0.441146 0.936806 0.041146 0.022685
0 0.358854 0.878009 0.014583 0.020833
0 0.322656 0.922222 0.013542 0.011111
0 0.264714 0.916435 0.015365 0.020833
