0 0.399870 0.592130 0.044531 0.036111
0 0.486458 0.707407 0.038021 0.026852
0 0.482031 0.307870 0.158333 0.162037
0 0.382422 0.234259 0.029427 0.032407
0 0.163932 0.373380 0.077865 0.078241
0 0.217578 0.244907 0.020573 0.031481
0 0.277344 0.133796 0.105729 0.106481
0 0.622005 0.115972 0.044531 0.044907
0 0.595964 0.063426 0.085156 0.062037
0 0.586198 0.125000 0.025000 0.034259
0 0.621875 0.170833 0.023958 0.025926
0 0.528906 0.065509 0.048438 0.063426
0 0.525651 0.116435 0.042969 0.058796
0 0.605990 0.238426 0.015104 0.017593
0 0.623047 0.244444 0.025260 0.029630
0 0.666406 0.296528 0.035937 0.046759
0 0.722786 0.278935 0.116406 0.111574
0 0.770052 0.239815 0.052604 0.062037
0 0.808984 0.275926 0.016406 0.025000
0 0.786979 0.337963 0.022396 0.031481
0 0.813151 0.361806 0.039323 0.034722
0 0.755469 0.410185 0.026042 0.012963
0 0.756380 0.369907 0.011719 0.012037
0 0.729557 0.518981 0.013802 0.025926
0 0.754297 0.520139 0.005990 0.007870
0 0.790365 0.527315 0.016667 0.030556
0 0.766667 0.600000 0.017708 0.021296
0 0.817187 0.789815 0.021875 0.028704
0 0.873568 0.658565 0.050781 0.039352
0 0.894401 0.691898 0.036198 0.034722
0 0.913542 0.663657 0.011979 0.018981
0 0.848177 0.542593 0.031250 0.037037
0 0.987760 0.548380 0.024479 0.047685
0 0.951562 0.499306 0.033333 0.023611
0 0.958203 0.710880 0.009115 0.012500
0 0.991927 0.695602 0.016146 0.039352
0 0.996745 0.662269 0.006510 0.029167
0 0.671224 0.933796 0.012760 0.018519
0 0.972786 0.943750 0.054427 0.112500
0 0.975391 0.843519 0.049219 0.078704
0 0.858854 0.359028 0.032813 0.036574
0 0.864323 0.301157 0.033333 0.055093
0 0.983333 0.376620 0.027083 0.041204
0 0.967839 0.233565 0.023177 0.043056
0 0.876432 0.146065 0.026302 0.040278
0 0.828646 0.163657 0.027604 0.029167
0 0.737891 0.157407 0.030990 0.048148
0 0.775781 0.165509 0.043750 0.040278
0 0.859375 0.083565 0.068750 0.052315
0 0.921224 0.069444 0.047656 0.063889
0 0.907031 0.103009 0.020313 0.023611
0 0.807813 0.068519 0.021354 0.028704
0 0.814974 0.041667 0.037240 0.039815
0 0.761849 0.093056 0.026823 0.033333
0 0.712630 0.070833 0.029948 0.050000
0 0.781380 0.009722 0.028385 0.018519
0 0.692578 0.011806 0.061719 0.022685
0 0.967448 0.099074 0.022917 0.027778
