0 0.553906 0.609028 0.114583 0.124537
0 0.711719 0.675694 0.119792 0.186574
0 0.788411 0.576852 0.104427 0.094444
0 0.696484 0.417824 0.018490 0.017130
0 0.632422 0.968750 0.060156 0.062500
0 0.724349 0.906944 0.024740 0.026852
0 0.612760 0.333796 0.031771 0.037963
0 0.856120 0.395139 0.023698 0.031944
0 0.878255 0.654630 0.011719 0.022222
0 0.314453 0.390278 0.040885 0.026852
0 0.071615 0.345139 0.029167 0.031944
0 0.054297 0.964815 0.108073 0.070370
0 0.052604 0.121528 0.056771 0.081944
0 0.392708 0.047685 0.177083 0.094444
0 0.784115 0.025926 0.108333 0.048148
0 0.030339 0.445602 0.050260 0.044907
