0 0.734245 0.803472 0.202344 0.280093
0 0.662370 0.687963 0.051302 0.085185
0 0.645052 0.628241 0.051042 0.042593
0 0.620703 0.697454 0.013802 0.013426
0 0.611719 0.688889 0.014583 0.017593
0 0.866406 0.716435 0.053646 0.064352
0 0.905990 0.764352 0.035417 0.061111
0 0.958984 0.537269 0.014323 0.022685
0 0.820703 0.639815 0.027344 0.046296
0 0.839323 0.637269 0.038542 0.055093
0 0.805339 0.585648 0.050260 0.087037
0 0.779557 0.648148 0.016927 0.021296
0 0.757552 0.580093 0.011979 0.018519
0 0.665234 0.432176 0.032031 0.042130
0 0.614714 0.537963 0.038281 0.059259
0 0.579557 0.549074 0.026302 0.033333
0 0.563411 0.599074 0.020052 0.030556
0 0.546484 0.600463 0.014844 0.016667
0 0.552474 0.672917 0.033594 0.078241
0 0.509635 0.597685 0.008854 0.015741
0 0.468229 0.562963 0.016667 0.023148
0 0.462370 0.858565 0.030469 0.029167
0 0.446615 0.767593 0.066146 0.057407
0 0.445312 0.813657 0.018750 0.031019
0 0.371615 0.846296 0.012500 0.019444
0 0.361068 0.836574 0.009115 0.013889
0 0.368359 0.963194 0.027344 0.018981
0 0.332813 0.856713 0.007812 0.021759
0 0.261589 0.750694 0.020573 0.026389
0 0.094922 0.981713 0.013281 0.017130
0 0.163281 0.860880 0.006771 0.013426
0 0.753125 0.987731 0.023958 0.024537
0 0.798828 0.488657 0.091406 0.061574
0 0.393750 0.309028 0.073958 0.091204
0 0.538542 0.196528 0.044271 0.040278
0 0.594271 0.193056 0.025000 0.035185
0 0.128646 0.439815 0.037500 0.056481
0 0.157422 0.495370 0.089323 0.166667
0 0.249870 0.425694 0.064323 0.040278
0 0.099740 0.553935 0.015104 0.015278
0 0.074349 0.558333 0.013802 0.023148
0 0.154427 0.638194 0.005729 0.011574
0 0.146484 0.635417 0.007031 0.007870
0 0.003125 0.725463 0.005729 0.026852
0 0.002474 0.664815 0.004427 0.014815
0 0.014453 0.924306 0.028385 0.023611
0 0.431120 0.109259 0.157031 0.215741
0 0.745833 0.080324 0.070833 0.072685
0 0.969401 0.292130 0.022656 0.026852
0 0.033854 0.078241 0.066667 0.133333
