0 0.437630 0.416898 0.056510 0.071759
0 0.439714 0.558102 0.091406 0.093981
0 0.402734 0.639583 0.064323 0.078241
0 0.466146 0.724769 0.047917 0.037500
0 0.312630 0.738194 0.028906 0.026389
0 0.480990 0.946528 0.052604 0.106944
0 0.362500 0.957176 0.083333 0.085648
0 0.218880 0.900231 0.009635 0.008796
0 0.136198 0.843287 0.029167 0.035648
0 0.192839 0.709954 0.041927 0.039352
0 0.097656 0.823148 0.023958 0.019444
0 0.054167 0.636806 0.107813 0.123611
0 0.019271 0.400000 0.038021 0.053704
0 0.087370 0.317361 0.019531 0.021759
0 0.193620 0.278472 0.038802 0.057870
0 0.108073 0.212963 0.090625 0.073148
0 0.103776 0.097917 0.140365 0.123611
0 0.193620 0.040509 0.058073 0.071759
0 0.251172 0.576852 0.013281 0.012963
0 0.667188 0.519676 0.061979 0.067130
0 0.872656 0.421991 0.013542 0.013426
0 0.862500 0.684954 0.047917 0.083796
0 0.730990 0.762037 0.061458 0.117593
0 0.983333 0.763889 0.033333 0.054630
0 0.955599 0.658796 0.088802 0.151852
0 0.766797 0.483102 0.025260 0.039352
0 0.951172 0.270833 0.017448 0.014815
0 0.914714 0.211574 0.023698 0.021296
0 0.891667 0.262500 0.006250 0.011111
