0 0.341667 0.640509 0.041667 0.039352
0 0.370573 0.748611 0.038021 0.065741
0 0.308333 0.831019 0.042708 0.045370
0 0.244661 0.833796 0.045573 0.059259
0 0.111589 0.793287 0.030990 0.028241
0 0.103125 0.404630 0.062500 0.081481
0 0.178646 0.218750 0.031250 0.053241
0 0.203906 0.354398 0.020833 0.022685
0 0.401432 0.264352 0.076302 0.100926
0 0.370703 0.323148 0.023177 0.033333
0 0.448698 0.374074 0.039583 0.047222
0 0.509245 0.352778 0.014844 0.017593
0 0.673828 0.553472 0.015885 0.023611
0 0.645443 0.569213 0.026823 0.025463
0 0.769661 0.662500 0.014844 0.013889
0 0.743099 0.675463 0.015885 0.012037
0 0.791667 0.505787 0.020833 0.019907
0 0.657682 0.825000 0.036198 0.026852
0 0.889323 0.963657 0.040625 0.063426
0 0.878255 0.861806 0.015885 0.013426
0 0.414844 0.737963 0.011979 0.026852
0 0.879687 0.370833 0.018229 0.022222
0 0.757812 0.431019 0.027083 0.037963
0 0.669401 0.228472 0.022656 0.026389
0 0.732031 0.101620 0.029687 0.027315
0 0.723177 0.033102 0.069271 0.065278
0 0.171875 0.056944 0.039583 0.040741
0 0.222266 0.013426 0.029427 0.025926
0 0.075651 0.666667 0.014323 0.013889
0 0.440234 0.938194 0.010156 0.009722
0 0.502474 0.931944 0.010156 0.015741
