0 0.717839 0.623611 0.235156 0.275000
0 0.833333 0.717130 0.016667 0.018519
0 0.838932 0.785185 0.041927 0.060185
0 0.815495 0.890046 0.010677 0.018056
0 0.877214 0.637269 0.010677 0.012500
0 0.964193 0.596991 0.053385 0.028241
0 0.993229 0.795833 0.013542 0.023148
0 0.998047 0.806250 0.003906 0.010648
0 0.979167 0.877546 0.041667 0.084722
0 0.986589 0.912731 0.026823 0.048611
0 0.995703 0.950694 0.008594 0.020833
0 0.922917 0.462500 0.126562 0.174074
0 0.829557 0.368519 0.045573 0.063889
0 0.905208 0.137731 0.189583 0.274537
0 0.650521 0.355093 0.132812 0.215741
0 0.491276 0.349769 0.015365 0.030093
0 0.502995 0.354861 0.007552 0.014352
0 0.508333 0.299074 0.088542 0.083333
0 0.177604 0.493519 0.013021 0.012037
0 0.380078 0.132407 0.013802 0.016667
0 0.304948 0.055556 0.284896 0.108333
0 0.077865 0.443056 0.096354 0.134259
0 0.076953 0.228704 0.153385 0.309259
0 0.053255 0.074769 0.066927 0.043056
0 0.079687 0.947454 0.121354 0.105093
0 0.388802 0.425000 0.022396 0.025926
