0 0.266927 0.185880 0.066667 0.068981
0 0.254688 0.503472 0.008854 0.013426
0 0.193750 0.523380 0.017708 0.027315
0 0.235026 0.640972 0.013802 0.013426
0 0.093099 0.566435 0.023177 0.033796
0 0.520052 0.375231 0.022396 0.026389
0 0.507292 0.409722 0.032813 0.046296
0 0.711719 0.671065 0.057813 0.049537
0 0.709115 0.740046 0.006250 0.010648
0 0.810417 0.767824 0.068229 0.043981
0 0.839193 0.745833 0.009635 0.011111
0 0.620964 0.812037 0.070573 0.060185
0 0.545182 0.878241 0.050781 0.043519
0 0.488802 0.875694 0.012500 0.017130
0 0.511979 0.895139 0.004687 0.005093
0 0.495703 0.900000 0.015885 0.015741
0 0.443750 0.973380 0.140104 0.053241
0 0.583073 0.952778 0.068229 0.063889
0 0.289453 0.950231 0.060677 0.099537
0 0.322135 0.950926 0.019792 0.024074
0 0.086198 0.859259 0.014063 0.017593
0 0.132943 0.801852 0.007031 0.011111
