0 0.891016 0.614120 0.033073 0.050463
0 0.823047 0.474306 0.009635 0.011574
0 0.316016 0.111806 0.027344 0.027315
0 0.349219 0.231481 0.018229 0.019444
0 0.567448 0.953935 0.044271 0.044907
0 0.156380 0.977083 0.022656 0.026389
0 0.183594 0.979630 0.013542 0.014815
0 0.251953 0.810648 0.004427 0.011111
0 0.237630 0.918287 0.005990 0.007870
0 0.181901 0.931944 0.004948 0.006481
0 0.064062 0.676620 0.008333 0.009722
0 0.171094 0.736806 0.007292 0.008796
0 0.079948 0.748843 0.006250 0.008796
0 0.112891 0.991667 0.036719 0.016667
0 0.058724 0.966898 0.007552 0.009722
0 0.132812 0.944676 0.007292 0.007870
0 0.037370 0.824769 0.012240 0.019907
0 0.044271 0.842824 0.012500 0.011574
0 0.025260 0.825463 0.009896 0.020370
0 0.022526 0.854861 0.012760 0.018981
0 0.012240 0.765741 0.016146 0.021296
