0 0.277865 0.894444 0.041146 0.046296
0 0.255339 0.905093 0.012760 0.017593
0 0.363411 0.850694 0.029427 0.020833
0 0.470964 0.881019 0.102344 0.157407
0 0.597135 0.941435 0.067187 0.103241
0 0.584245 0.802083 0.016406 0.016204
0 0.680339 0.652315 0.040365 0.056481
0 0.961198 0.503935 0.066667 0.085648
0 0.990104 0.725231 0.018229 0.019907
0 0.828516 0.731944 0.010677 0.014815
0 0.250911 0.486343 0.034115 0.041204
0 0.164453 0.720833 0.011198 0.012963
0 0.420443 0.505556 0.014844 0.016667
0 0.580990 0.156713 0.031771 0.058796
0 0.213802 0.074769 0.030729 0.050463
0 0.256120 0.077315 0.053385 0.067593
0 0.042578 0.051620 0.045052 0.034722
0 0.928385 0.055324 0.013542 0.017130
