0 0.184505 0.531250 0.039323 0.037500
0 0.192057 0.559028 0.042448 0.033796
0 0.160026 0.654398 0.039323 0.062500
0 0.238542 0.690741 0.047396 0.061111
0 0.044271 0.561343 0.028125 0.031019
0 0.027344 0.140046 0.017188 0.020833
0 0.014844 0.229630 0.005729 0.006481
0 0.030208 0.825463 0.026562 0.028704
0 0.405208 0.475694 0.068750 0.062500
0 0.349870 0.493750 0.045052 0.036574
0 0.440495 0.395602 0.075781 0.067130
0 0.562630 0.711343 0.037760 0.044907
0 0.620313 0.911111 0.018229 0.023148
0 0.650260 0.966667 0.060937 0.066667
0 0.846745 0.940509 0.066406 0.118981
0 0.765495 0.625000 0.034115 0.037963
0 0.729948 0.514120 0.027083 0.026389
0 0.666016 0.482639 0.029948 0.028241
0 0.732812 0.452778 0.068229 0.088889
0 0.896094 0.552315 0.066146 0.090741
0 0.826302 0.321759 0.040104 0.044444
0 0.771615 0.210185 0.071875 0.088889
0 0.619792 0.228704 0.083333 0.088889
0 0.628385 0.096065 0.116667 0.107870
0 0.774609 0.092824 0.052344 0.142130
0 0.907813 0.181713 0.049479 0.051389
0 0.947786 0.085417 0.069010 0.068056
0 0.985938 0.113194 0.028125 0.040278
0 0.973047 0.021065 0.053906 0.040278
0 0.896745 0.048380 0.099740 0.093981
0 0.824870 0.052083 0.046615 0.062500
0 0.991146 0.403935 0.017708 0.044907
