0 0.483333 0.390046 0.101042 0.114352
0 0.559766 0.393981 0.051823 0.076852
0 0.895052 0.527778 0.116667 0.152778
0 0.955990 0.503472 0.018229 0.019907
0 0.978385 0.592593 0.043229 0.068519
0 0.975781 0.699074 0.048438 0.091667
0 0.897656 0.851157 0.111458 0.120833
0 0.321745 0.628472 0.022135 0.033796
0 0.256250 0.444676 0.067708 0.075463
0 0.909115 0.293750 0.082292 0.086574
0 0.794271 0.976620 0.049479 0.046759
0 0.484766 0.125463 0.087240 0.075000
0 0.203125 0.196991 0.269271 0.251389
0 0.096354 0.207407 0.059896 0.062037
0 0.051302 0.388889 0.100000 0.111111
0 0.030859 0.069676 0.061198 0.138426
