0 0.260937 0.594907 0.065625 0.076852
0 0.375130 0.571296 0.020052 0.030556
0 0.312500 0.850231 0.069271 0.119907
0 0.062630 0.959259 0.053385 0.081481
0 0.010677 0.994907 0.015104 0.010185
0 0.052344 0.746991 0.046354 0.043056
0 0.039714 0.576389 0.077344 0.098148
0 0.015365 0.651852 0.030208 0.073148
0 0.047005 0.425694 0.051302 0.090278
0 0.504036 0.509954 0.019531 0.018056
0 0.595313 0.791667 0.153125 0.149074
0 0.463281 0.795602 0.061979 0.082870
0 0.648307 0.931019 0.134635 0.114815
0 0.701823 0.538426 0.072396 0.098148
0 0.616146 0.368287 0.014063 0.015278
0 0.571745 0.297685 0.029948 0.027778
0 0.741146 0.322917 0.029687 0.018981
0 0.756510 0.415046 0.047917 0.030093
0 0.832292 0.738426 0.018229 0.029630
0 0.902865 0.761111 0.033333 0.060185
0 0.865625 0.153241 0.070312 0.112037
0 0.765885 0.158102 0.029687 0.023611
0 0.816667 0.037037 0.021354 0.027778
0 0.881901 0.021065 0.085677 0.041204
0 0.311719 0.009954 0.046354 0.018981
0 0.994271 0.353472 0.011458 0.024537
