0 0.170443 0.178009 0.049740 0.068981
0 0.110547 0.206481 0.035677 0.036111
0 0.036849 0.347454 0.046094 0.039352
0 0.110026 0.383102 0.025781 0.031944
0 0.121354 0.322917 0.010417 0.016204
0 0.261068 0.262269 0.026823 0.031019
0 0.327865 0.280556 0.102604 0.090741
0 0.371615 0.194213 0.033854 0.040278
0 0.393620 0.127778 0.025781 0.034259
0 0.478776 0.050926 0.060156 0.050926
0 0.519141 0.044213 0.008073 0.018981
0 0.545182 0.010417 0.021615 0.018981
0 0.473307 0.166204 0.038802 0.027778
0 0.926693 0.025000 0.046094 0.044444
