0 0.060937 0.945139 0.120833 0.109722
0 0.032813 0.404398 0.059896 0.054167
0 0.187500 0.319907 0.063021 0.054630
0 0.294271 0.305787 0.020833 0.023611
0 0.154688 0.391898 0.018229 0.015278
0 0.011328 0.224769 0.022135 0.049537
0 0.155859 0.119907 0.023177 0.025000
0 0.290104 0.113657 0.094271 0.087500
0 0.175391 0.050231 0.092448 0.098611
0 0.535677 0.297454 0.055208 0.072685
0 0.496094 0.328241 0.023958 0.027778
0 0.567578 0.175000 0.018490 0.030556
0 0.608333 0.050463 0.097396 0.100000
0 0.805859 0.225926 0.184115 0.153704
0 0.777344 0.490972 0.032813 0.027315
0 0.858984 0.581481 0.032552 0.021296
0 0.841797 0.064352 0.034635 0.049074
0 0.840625 0.020370 0.043229 0.039815
0 0.875391 0.031944 0.020052 0.015741
0 0.906901 0.039352 0.071094 0.077778
0 0.899219 0.081944 0.023958 0.036111
0 0.930599 0.106481 0.024219 0.019444
0 0.925521 0.169676 0.011458 0.017130
0 0.941276 0.177315 0.017969 0.022222
0 0.987891 0.162269 0.024219 0.034722
0 0.974740 0.212500 0.029687 0.043519
0 0.760286 0.102778 0.021094 0.018519
