0 0.558854 0.836343 0.141146 0.109722
0 0.493490 0.718287 0.014583 0.043056
0 0.527604 0.672222 0.066667 0.045370
0 0.489714 0.624074 0.080990 0.078704
0 0.327995 0.871991 0.103385 0.092130
0 0.321094 0.939352 0.101042 0.102778
0 0.189974 0.901852 0.069010 0.051852
0 0.163151 0.951852 0.030469 0.023148
0 0.020833 0.868287 0.039583 0.060648
0 0.714844 0.158333 0.118229 0.110185
0 0.830339 0.081019 0.030469 0.034259
0 0.716146 0.234491 0.040625 0.040278
0 0.712370 0.290741 0.016927 0.034259
0 0.791146 0.265972 0.085417 0.106019
0 0.888281 0.125000 0.031250 0.046296
0 0.866276 0.204630 0.070573 0.078704
0 0.870052 0.257870 0.028125 0.031481
0 0.554167 0.077315 0.084896 0.118519
0 0.680469 0.031481 0.036458 0.057407
0 0.631250 0.156019 0.020833 0.027778
0 0.610938 0.198843 0.022396 0.028241
0 0.499219 0.089120 0.047917 0.052315
0 0.476432 0.055787 0.050781 0.037500
0 0.405469 0.043519 0.093229 0.085185
0 0.329036 0.038194 0.062760 0.073611
0 0.226953 0.302083 0.057031 0.072685
0 0.267448 0.158565 0.171875 0.197685
0 0.139583 0.212963 0.205208 0.149074
0 0.125651 0.124769 0.036719 0.032870
0 0.030990 0.055556 0.037500 0.025926
0 0.029557 0.176620 0.058594 0.101389
0 0.034896 0.306944 0.067708 0.114815
0 0.501302 0.499537 0.997396 0.675000
