0 0.590755 0.618981 0.046094 0.043519
0 0.684375 0.977083 0.029167 0.045833
0 0.750651 0.679167 0.017969 0.014815
0 0.797917 0.653704 0.011458 0.017593
0 0.854818 0.684259 0.017448 0.024074
0 0.895964 0.642361 0.018490 0.027315
0 0.977344 0.629861 0.045312 0.059722
0 0.968229 0.655093 0.009896 0.009259
0 0.928776 0.785185 0.020052 0.027778
0 0.843620 0.834722 0.023698 0.019444
0 0.955339 0.956944 0.046094 0.047222
0 0.587500 0.426620 0.048438 0.051389
0 0.841016 0.248611 0.066927 0.068519
0 0.347266 0.497685 0.075260 0.116667
0 0.265755 0.415741 0.017969 0.018519
0 0.148958 0.157639 0.049479 0.063426
0 0.006510 0.390046 0.012500 0.024537
