0 0.897005 0.425231 0.073698 0.096759
0 0.969271 0.611343 0.038542 0.081944
0 0.632031 0.622454 0.082292 0.117130
0 0.731380 0.775926 0.103385 0.094444
0 0.640885 0.891204 0.026042 0.020370
0 0.742318 0.950694 0.125260 0.098611
0 0.294792 0.736806 0.044271 0.048611
0 0.189844 0.967824 0.052604 0.064352
0 0.189062 0.858796 0.013542 0.015741
0 0.091797 0.913889 0.095573 0.143519
0 0.235937 0.212037 0.024479 0.046296
0 0.058594 0.569676 0.018750 0.018056
0 0.003776 0.876389 0.007031 0.015741
0 0.757682 0.017824 0.042448 0.034722
0 0.799479 0.018519 0.042188 0.031481
0 0.949870 0.059028 0.014844 0.017130
0 0.923307 0.153241 0.013281 0.018519
