0 0.465495 0.850926 0.139323 0.114815
0 0.428125 0.702315 0.073958 0.086111
0 0.611979 0.694213 0.035937 0.042130
0 0.489193 0.983102 0.042969 0.033796
0 0.317188 0.859954 0.043229 0.056944
0 0.268490 0.931481 0.187500 0.137037
0 0.210938 0.772917 0.042708 0.091204
0 0.176302 0.693287 0.042708 0.036574
0 0.084635 0.873843 0.044792 0.045833
0 0.107552 0.852315 0.011979 0.021296
0 0.065625 0.823843 0.046875 0.045833
0 0.050651 0.696065 0.051302 0.055093
0 0.119010 0.629167 0.023958 0.024074
0 0.150651 0.928009 0.012240 0.012500
0 0.242839 0.556944 0.035677 0.054630
0 0.310417 0.456481 0.021354 0.027778
0 0.264323 0.366667 0.029687 0.050000
0 0.435547 0.488194 0.034635 0.035648
0 0.006380 0.663426 0.012240 0.040741
0 0.085677 0.498148 0.068229 0.052778
0 0.122266 0.428241 0.049219 0.089815
0 0.067057 0.395370 0.019531 0.023148
0 0.061719 0.406019 0.015104 0.016667
0 0.033333 0.477083 0.036979 0.068981
0 0.017839 0.426852 0.034115 0.029630
0 0.173828 0.245833 0.034635 0.054630
0 0.114323 0.268287 0.038021 0.036574
0 0.019531 0.267593 0.038021 0.049074
0 0.056380 0.273611 0.037240 0.035185
0 0.063021 0.197917 0.022917 0.028241
0 0.115495 0.163194 0.022135 0.026389
0 0.126172 0.141204 0.051823 0.038889
0 0.169661 0.168519 0.086198 0.051852
0 0.244531 0.156019 0.061979 0.092593
0 0.209896 0.393056 0.024479 0.025926
0 0.037500 0.081250 0.041146 0.044907
0 0.006771 0.109722 0.013021 0.050000
0 0.107422 0.070370 0.082031 0.096296
0 0.153385 0.015509 0.034375 0.030093
0 0.105729 0.015741 0.066146 0.030556
0 0.383333 0.031481 0.047917 0.061111
0 0.591797 0.233796 0.096615 0.099074
0 0.619531 0.119907 0.097917 0.096296
0 0.712240 0.245602 0.131250 0.183796
0 0.714063 0.699769 0.056771 0.046759
0 0.723437 0.764583 0.022917 0.027315
0 0.702995 0.562963 0.030469 0.075000
0 0.725521 0.535880 0.021875 0.033796
0 0.752474 0.576620 0.069531 0.058796
0 0.751432 0.618056 0.029948 0.036111
0 0.867708 0.508565 0.257812 0.125463
0 0.829688 0.673843 0.018229 0.021759
0 0.824479 0.713657 0.014063 0.025463
0 0.835677 0.706481 0.013542 0.021296
0 0.873307 0.854398 0.017448 0.015278
0 0.837630 0.825000 0.112240 0.139815
0 0.935937 0.789120 0.030729 0.025463
0 0.873568 0.940046 0.021094 0.024537
0 0.987240 0.975463 0.025521 0.049074
0 0.979688 0.701157 0.040625 0.038426
0 0.921745 0.670139 0.009115 0.013426
0 0.300130 0.195370 0.021615 0.016667
