0 0.139323 0.605093 0.073438 0.123148
0 0.189323 0.826157 0.048958 0.087500
0 0.373047 0.990509 0.019531 0.018981
0 0.514453 0.828241 0.028385 0.024074
0 0.570182 0.926852 0.023177 0.022222
0 0.583464 0.651620 0.026302 0.041204
0 0.783073 0.824537 0.050521 0.080556
0 0.723437 0.964815 0.023958 0.025000
0 0.875391 0.523380 0.024740 0.042130
0 0.922656 0.435880 0.016146 0.032870
0 0.900781 0.015972 0.042708 0.029167
0 0.612630 0.030787 0.054948 0.050463
0 0.284115 0.179398 0.035417 0.020833
0 0.076432 0.099537 0.038802 0.052778
0 0.118099 0.110880 0.049219 0.045833
0 0.132682 0.078472 0.026823 0.039352
0 0.152865 0.080787 0.012500 0.021759
