0 0.313021 0.768981 0.058333 0.068519
0 0.365365 0.867593 0.034896 0.050000
0 0.098047 0.665278 0.083073 0.052778
0 0.148307 0.669444 0.009635 0.017593
0 0.038542 0.632870 0.041667 0.072222
0 0.014714 0.633796 0.013802 0.018519
0 0.866406 0.755324 0.018229 0.018056
0 0.678646 0.886574 0.041667 0.050000
0 0.778125 0.975000 0.126042 0.050000
0 0.857682 0.993287 0.015365 0.013426
0 0.592057 0.806713 0.028385 0.023611
0 0.564583 0.813426 0.020313 0.021296
0 0.583073 0.875000 0.023438 0.025926
0 0.623307 0.883565 0.008594 0.016204
0 0.951693 0.939583 0.055990 0.062500
0 0.863281 0.915046 0.012500 0.012500
0 0.982292 0.574769 0.035417 0.072685
0 0.994401 0.477083 0.011198 0.039352
0 0.974609 0.194676 0.050781 0.103241
0 0.886589 0.068981 0.131510 0.137037
0 0.767188 0.019907 0.069792 0.038889
0 0.501563 0.040278 0.048438 0.048148
0 0.598307 0.011343 0.032031 0.019907
0 0.041146 0.973843 0.081771 0.052315
