0 0.146615 0.455556 0.057813 0.072222
0 0.246875 0.604630 0.070312 0.086111
0 0.012240 0.563194 0.023438 0.040278
0 0.466146 0.568519 0.064583 0.054630
0 0.529167 0.453241 0.036979 0.054630
0 0.902604 0.701852 0.053125 0.055556
0 0.828776 0.800463 0.155469 0.133333
0 0.963802 0.777315 0.042708 0.048148
0 0.963411 0.949074 0.054948 0.060185
0 0.982682 0.562037 0.034635 0.065741
0 0.984115 0.450463 0.031771 0.040741
0 0.885938 0.455093 0.085417 0.081481
0 0.729688 0.360648 0.075521 0.073148
0 0.839974 0.321991 0.171094 0.163426
0 0.920833 0.318519 0.027083 0.031481
0 0.889062 0.408102 0.053646 0.043981
0 0.942187 0.398611 0.025000 0.022222
0 0.992057 0.372917 0.015885 0.043056
0 0.992708 0.329861 0.014583 0.036574
0 0.987370 0.302315 0.025260 0.024074
0 0.992708 0.280093 0.014583 0.023148
0 0.060937 0.250000 0.044792 0.058333
0 0.232031 0.132639 0.039583 0.034722
0 0.228255 0.046296 0.021094 0.039815
0 0.229036 0.015972 0.046615 0.029167
0 0.118490 0.040046 0.139063 0.079167
0 0.061328 0.116204 0.079948 0.077778
0 0.009245 0.174306 0.017969 0.056944
0 0.465755 0.125231 0.097135 0.111574
0 0.495573 0.017130 0.063542 0.033333
0 0.505078 0.052778 0.014323 0.022222
0 0.566406 0.060417 0.102083 0.114352
0 0.598307 0.193750 0.038802 0.040278
0 0.504948 0.204861 0.029167 0.047685
0 0.495182 0.237500 0.026302 0.034259
0 0.646484 0.143519 0.044010 0.046296
0 0.677865 0.206019 0.031250 0.032407
0 0.787109 0.111343 0.161198 0.188426
0 0.916536 0.192361 0.093490 0.098611
0 0.822266 0.208796 0.021615 0.025000
0 0.660547 0.066898 0.076823 0.076389
0 0.895573 0.035648 0.080208 0.070370
0 0.836328 0.011574 0.050781 0.022222
0 0.800391 0.020833 0.055990 0.040741
0 0.744922 0.009491 0.048177 0.018056
0 0.715625 0.015278 0.036979 0.029630
0 0.992318 0.170602 0.015365 0.051389
0 0.993880 0.130324 0.012240 0.021759
0 0.996094 0.110417 0.007812 0.014352
0 0.983073 0.074537 0.025521 0.024074
0 0.994401 0.049306 0.011198 0.019907
0 0.969141 0.093981 0.034635 0.033333
0 0.884635 0.117361 0.044792 0.045833
