0 0.573568 0.848843 0.140365 0.154167
0 0.808073 0.782639 0.058333 0.046759
0 0.400781 0.764352 0.105208 0.137037
0 0.190495 0.955093 0.015885 0.024074
0 0.062370 0.803935 0.124219 0.181019
0 0.141797 0.620370 0.097656 0.161111
0 0.215234 0.645602 0.025260 0.027315
0 0.018490 0.626157 0.034896 0.131944
0 0.256771 0.490741 0.057813 0.087037
0 0.325391 0.541667 0.022656 0.020370
0 0.627995 0.431713 0.105469 0.095833
0 0.666536 0.333565 0.022656 0.016204
0 0.617188 0.199074 0.081250 0.071296
0 0.766146 0.037500 0.155208 0.074074
0 0.402474 0.080324 0.123698 0.106944
0 0.951172 0.390972 0.097656 0.129167
