0 0.861198 0.809722 0.079687 0.113889
0 0.724479 0.890972 0.038021 0.068981
0 0.786198 0.938889 0.104688 0.122222
0 0.879687 0.956944 0.076042 0.067593
0 0.679036 0.969213 0.063802 0.061574
0 0.560937 0.946759 0.071875 0.106481
0 0.538932 0.857639 0.066406 0.077315
0 0.599219 0.630556 0.091667 0.102778
0 0.375260 0.650463 0.138542 0.131481
0 0.254818 0.691204 0.071615 0.093519
0 0.195052 0.690278 0.091667 0.140741
0 0.207031 0.609259 0.010417 0.018519
0 0.229167 0.938194 0.106250 0.123611
0 0.385937 0.918056 0.198437 0.163889
0 0.050260 0.965046 0.100000 0.069907
0 0.159896 0.835417 0.119792 0.116204
0 0.060937 0.740509 0.121354 0.393056
0 0.365495 0.446296 0.104427 0.110185
0 0.433464 0.487037 0.014323 0.014815
0 0.285938 0.304398 0.048958 0.056944
0 0.185547 0.409954 0.079948 0.107870
0 0.060026 0.426157 0.084635 0.082870
0 0.019141 0.477546 0.037760 0.050463
0 0.089193 0.232639 0.145573 0.160648
0 0.249609 0.086343 0.116927 0.101389
0 0.330729 0.063194 0.016146 0.016204
0 0.934766 0.044907 0.086719 0.088889
