0 0.724089 0.618056 0.095573 0.154630
0 0.906641 0.684954 0.030990 0.048611
0 0.568359 0.701157 0.048177 0.067130
0 0.292057 0.458565 0.065885 0.056944
0 0.432943 0.240509 0.097656 0.132870
0 0.492578 0.312500 0.110156 0.076852
0 0.540234 0.354167 0.020052 0.034259
0 0.367318 0.336574 0.072656 0.062963
0 0.319010 0.274306 0.130208 0.111574
0 0.200130 0.360185 0.040365 0.042593
0 0.119922 0.342361 0.035677 0.045833
0 0.099740 0.263657 0.052083 0.057870
0 0.038672 0.497685 0.076823 0.067593
0 0.081120 0.555787 0.065365 0.073611
0 0.395052 0.882176 0.090104 0.078241
0 0.669661 0.157176 0.236719 0.189352
0 0.757031 0.338657 0.028125 0.031019
0 0.835417 0.127315 0.076563 0.065741
0 0.914714 0.115741 0.047135 0.085185
0 0.952734 0.035648 0.057552 0.070370
0 0.909766 0.033102 0.020573 0.031019
0 0.876823 0.042361 0.039583 0.067130
0 0.321354 0.015972 0.102604 0.031019
