0 0.322656 0.768750 0.063542 0.054167
0 0.421875 0.886574 0.078125 0.056481
0 0.343490 0.844213 0.010417 0.013426
0 0.313542 0.846759 0.016667 0.023148
0 0.215495 0.892361 0.078906 0.079167
0 0.243490 0.872222 0.010937 0.013889
0 0.133073 0.940972 0.036458 0.032870
0 0.110937 0.912731 0.009896 0.016204
0 0.089453 0.925926 0.017448 0.026852
0 0.034375 0.975926 0.068229 0.048148
0 0.129036 0.456713 0.046615 0.059722
0 0.142578 0.413426 0.020573 0.032407
0 0.880208 0.878009 0.017188 0.012500
0 0.896354 0.873148 0.014063 0.016667
0 0.924479 0.721296 0.005729 0.009259
0 0.990495 0.565278 0.019010 0.026852
0 0.171224 0.469444 0.013281 0.013889
