0 0.215885 0.704630 0.160938 0.187037
0 0.366667 0.701620 0.222396 0.172685
0 0.480339 0.570602 0.033594 0.030093
0 0.241146 0.931713 0.103646 0.136574
0 0.478906 0.930787 0.205208 0.138426
0 0.629297 0.819444 0.065365 0.095370
0 0.588932 0.729861 0.030990 0.030093
0 0.603906 0.697222 0.025000 0.029630
0 0.603776 0.673611 0.013802 0.016667
0 0.595182 0.648148 0.023177 0.042593
0 0.886198 0.703009 0.036979 0.039352
0 0.820052 0.785417 0.359896 0.429167
0 0.592969 0.340046 0.030208 0.041204
0 0.937370 0.337731 0.111719 0.105093
0 0.971094 0.301389 0.033854 0.045370
0 0.881641 0.130093 0.063802 0.099074
0 0.968099 0.024537 0.049740 0.035185
